[0;48;2;35;32;28m [0;38;2;126;117;100;48;2;35;32;28mDEVICE [0;1;38;2;244;236;216;48;2;35;32;28mBE-RCA[0;48;2;35;32;28m   [0;38;2;126;117;100;48;2;35;32;28mRATE [0;1;38;2;236;227;207;48;2;35;32;28m44.1k[0;48;2;35;32;28m   [0;38;2;126;117;100;48;2;35;32;28mPRESET [0;1;38;2;244;236;216;48;2;35;32;28mfavourite*[0;48;2;35;32;28m      [0;38;2;58;35;32;48;2;35;32;28m●[0;48;2;35;32;28m [0;38;2;126;117;100;48;2;35;32;28mSOLO[0;48;2;35;32;28m  [0;38;2;58;35;32;48;2;35;32;28m●[0;48;2;35;32;28m [0;38;2;126;117;100;48;2;35;32;28mBYPASS[0;48;2;35;32;28m  [0;38;2;58;35;32;48;2;35;32;28m●[0;48;2;35;32;28m [0;38;2;126;117;100;48;2;35;32;28mLIMIT[0;48;2;35;32;28m  [0m
[0;48;2;28;26;23m [0;4;38;2;240;162;74;48;2;52;48;42mM[0;38;2;185;174;151;48;2;52;48;42mETER[0;48;2;28;26;23m [0;4;38;2;240;162;74;48;2;52;48;42mT[0;38;2;185;174;151;48;2;52;48;42mUNE[0;48;2;28;26;23m [0;4;38;2;240;162;74;48;2;52;48;42mI[0;38;2;185;174;151;48;2;52;48;42mNSTRUMENTS[0;48;2;28;26;23m [0;4;38;2;240;162;74;48;2;52;48;42mP[0;38;2;185;174;151;48;2;52;48;42mRESETS[0;48;2;28;26;23m [0;1;38;2;22;20;15;48;2;240;162;74m DEVICES [0;48;2;28;26;23m [0;4;38;2;240;162;74;48;2;52;48;42mF[0;38;2;185;174;151;48;2;52;48;42mILTERS[0;48;2;28;26;23m [0;4;38;2;240;162;74;48;2;52;48;42mA[0;38;2;185;174;151;48;2;52;48;42mPPS[0;48;2;28;26;23m [0;4;38;2;240;162;74;48;2;52;48;42mS[0;38;2;185;174;151;48;2;52;48;42mYSTEM[0;48;2;28;26;23m [0;4;38;2;240;162;74;48;2;52;48;42mH[0;38;2;185;174;151;48;2;52;48;42mISTORY[0;48;2;28;26;23m [0;4;38;2;240;162;74;48;2;52;48;42mE[0;38;2;185;174;151;48;2;52;48;42mVENTS[0;48;2;28;26;23m    [0m
[0;48;2;28;26;23m [0;38;2;107;98;84;48;2;28;26;23m╭─[0;1;38;2;185;174;151;48;2;28;26;23m DEVICES [0;38;2;107;98;84;48;2;28;26;23m───────────────────────╮[0;48;2;28;26;23m [0;38;2;58;53;45;48;2;28;26;23m╭─[0;1;38;2;185;174;151;48;2;28;26;23m MACBOOK PRO SPEAKERS [0;38;2;58;53;45;48;2;28;26;23m─────────────────╮[0;48;2;28;26;23m [0m
[0;48;2;28;26;23m [0;38;2;107;98;84;48;2;28;26;23m│[0;48;2;28;26;23m      [0;38;2;126;117;100;48;2;28;26;23mOUTPUT[0;48;2;28;26;23m          [0;38;2;126;117;100;48;2;28;26;23mCURVE[0;48;2;28;26;23m      [0;38;2;107;98;84;48;2;28;26;23m│[0;48;2;28;26;23m [0;38;2;58;53;45;48;2;28;26;23m│[0;48;2;11;44;99m [0;38;2;97;153;200;48;2;11;44;99m+12[0;48;2;11;44;99m                                    [0;38;2;58;53;45;48;2;28;26;23m│[0;48;2;28;26;23m [0m
[0;48;2;28;26;23m [0;38;2;107;98;84;48;2;28;26;23m│[0;48;2;28;26;23m   [0;1;38;2;22;20;15;48;2;240;162;74mEQ[0;48;2;28;26;23m [0;1;38;2;244;236;216;48;2;28;26;23mBE-RCA · EQ[0;38;2;126;117;100;48;2;28;26;23m system output [0;48;2;28;26;23m [0;38;2;107;98;84;48;2;28;26;23m│[0;48;2;28;26;23m [0;38;2;58;53;45;48;2;28;26;23m│[0;48;2;11;44;99m                                        [0;38;2;58;53;45;48;2;28;26;23m│[0;48;2;28;26;23m [0m
[0;48;2;28;26;23m [0;38;2;107;98;84;48;2;28;26;23m│[0;48;2;28;26;23m  [0;1;38;2;240;162;74;48;2;28;26;23m◉[0;48;2;28;26;23m [0;38;2;185;174;151;48;2;28;26;23m▪[0;48;2;28;26;23m [0;1;38;2;244;236;216;48;2;28;26;23mBE-RCA[0;48;2;28;26;23m          [0;38;2;185;174;151;48;2;28;26;23mown[0;38;2;240;162;74;48;2;28;26;23m ◆[0;1;38;2;245;198;71;48;2;28;26;23m*[0;48;2;28;26;23m     [0;38;2;107;98;84;48;2;28;26;23m│[0;48;2;28;26;23m [0;38;2;58;53;45;48;2;28;26;23m│[0;48;2;11;44;99m                                        [0;38;2;58;53;45;48;2;28;26;23m│[0;48;2;28;26;23m [0m
[0;48;2;28;26;23m [0;38;2;107;98;84;48;2;28;26;23m│[0;1;38;2;240;162;74;48;2;58;50;38m▸[0;48;2;58;50;38m   [0;38;2;185;174;151;48;2;58;50;38m■[0;48;2;58;50;38m [0;1;38;2;236;227;207;48;2;58;50;38mMacBook Pro Sp…[0;48;2;58;50;38m [0;38;2;245;198;71;48;2;58;50;38mdefault[0;48;2;58;50;38m    [0;38;2;107;98;84;48;2;28;26;23m│[0;48;2;28;26;23m [0;38;2;58;53;45;48;2;28;26;23m│[0;48;2;11;44;99m     [0;1;38;2;143;211;255;48;2;11;44;99m⡴⠳⢦⣤⠞⠳⣤⠶⢦[0;48;2;11;44;99m                          [0;38;2;58;53;45;48;2;28;26;23m│[0;48;2;28;26;23m [0m
[0;48;2;28;26;23m [0;38;2;107;98;84;48;2;28;26;23m│[0;48;2;28;26;23m    [0;38;2;185;174;151;48;2;28;26;23m◇[0;48;2;28;26;23m [0;38;2;236;227;207;48;2;28;26;23mAirPods[0;48;2;28;26;23m         [0;38;2;185;174;151;48;2;28;26;23mown[0;38;2;240;162;74;48;2;28;26;23m ◆[0;48;2;28;26;23m      [0;38;2;107;98;84;48;2;28;26;23m│[0;48;2;28;26;23m [0;38;2;58;53;45;48;2;28;26;23m│[0;48;2;11;44;99m             [0;1;38;2;143;211;255;48;2;11;44;99m⠈⠳⠶⣤⡀[0;48;2;11;44;99m              [0;1;38;2;143;211;255;48;2;11;44;99m⣠⢦⡀[0;48;2;11;44;99m [0;1;38;2;143;211;255;48;2;11;44;99m⢀⡀[0;48;2;11;44;99m  [0;38;2;58;53;45;48;2;28;26;23m│[0;48;2;28;26;23m [0m
[0;48;2;28;26;23m [0;38;2;107;98;84;48;2;28;26;23m│[0;48;2;28;26;23m    [0;38;2;185;174;151;48;2;28;26;23m□[0;48;2;28;26;23m [0;38;2;236;227;207;48;2;28;26;23mLG TV[0;48;2;28;26;23m           [0;38;2;245;198;71;48;2;28;26;23mdefault[0;48;2;28;26;23m    [0;38;2;107;98;84;48;2;28;26;23m│[0;48;2;28;26;23m [0;38;2;58;53;45;48;2;28;26;23m│[0;48;2;11;44;99m                 [0;1;38;2;143;211;255;48;2;11;44;99m⠙⢦⣀[0;48;2;11;44;99m        [0;1;38;2;143;211;255;48;2;11;44;99m⢀⣀⣠⠞⠁[0;48;2;11;44;99m [0;1;38;2;143;211;255;48;2;11;44;99m⠙⠶⠋⢳⡀[0;48;2;11;44;99m [0;38;2;58;53;45;48;2;28;26;23m│[0;48;2;28;26;23m [0m
[0;48;2;28;26;23m [0;38;2;107;98;84;48;2;28;26;23m│[0;48;2;28;26;23m    [0;38;2;126;117;100;48;2;28;26;23m·[0;48;2;28;26;23m [0;38;2;126;117;100;48;2;28;26;23mOld DAC[0;48;2;28;26;23m         [0;38;2;185;174;151;48;2;28;26;23mown[0;48;2;28;26;23m        [0;38;2;107;98;84;48;2;28;26;23m│[0;48;2;28;26;23m [0;38;2;58;53;45;48;2;28;26;23m│[0;48;2;11;44;99m [0;38;2;97;153;200;48;2;11;44;99m  0[0;48;2;11;44;99m [0;38;2;97;153;200;48;2;11;44;99m┈┈┈┈┈┈┈┈┈┈┈┈┈┈[0;1;38;2;143;211;255;48;2;11;44;99m⠉⠳⣆[0;38;2;97;153;200;48;2;11;44;99m┈┈[0;1;38;2;143;211;255;48;2;11;44;99m⢀⡴⠶⠛⠋⠉⠁[0;38;2;97;153;200;48;2;11;44;99m┈┈┈┈┈┈┈[0;1;38;2;143;211;255;48;2;11;44;99m⠁[0;48;2;11;44;99m [0;38;2;58;53;45;48;2;28;26;23m│[0;48;2;28;26;23m [0m
[0;48;2;28;26;23m [0;38;2;107;98;84;48;2;28;26;23m│[0;48;2;28;26;23m                                 [0;38;2;107;98;84;48;2;28;26;23m│[0;48;2;28;26;23m [0;38;2;58;53;45;48;2;28;26;23m│[0;48;2;11;44;99m                     [0;1;38;2;143;211;255;48;2;11;44;99m⠈⠳⠶⠋[0;48;2;11;44;99m               [0;38;2;58;53;45;48;2;28;26;23m│[0;48;2;28;26;23m [0m
[0;48;2;28;26;23m [0;38;2;107;98;84;48;2;28;26;23m│[0;48;2;28;26;23m                                 [0;38;2;107;98;84;48;2;28;26;23m│[0;48;2;28;26;23m [0;38;2;58;53;45;48;2;28;26;23m│[0;48;2;11;44;99m                                        [0;38;2;58;53;45;48;2;28;26;23m│[0;48;2;28;26;23m [0m
[0;48;2;28;26;23m [0;38;2;107;98;84;48;2;28;26;23m│[0;48;2;28;26;23m                                 [0;38;2;107;98;84;48;2;28;26;23m│[0;48;2;28;26;23m [0;38;2;58;53;45;48;2;28;26;23m│[0;48;2;11;44;99m                                        [0;38;2;58;53;45;48;2;28;26;23m│[0;48;2;28;26;23m [0m
[0;48;2;28;26;23m [0;38;2;107;98;84;48;2;28;26;23m│[0;48;2;28;26;23m                                 [0;38;2;107;98;84;48;2;28;26;23m│[0;48;2;28;26;23m [0;38;2;58;53;45;48;2;28;26;23m│[0;48;2;11;44;99m                                        [0;38;2;58;53;45;48;2;28;26;23m│[0;48;2;28;26;23m [0m
[0;48;2;28;26;23m [0;38;2;107;98;84;48;2;28;26;23m│[0;48;2;28;26;23m                                 [0;38;2;107;98;84;48;2;28;26;23m│[0;48;2;28;26;23m [0;38;2;58;53;45;48;2;28;26;23m│[0;48;2;11;44;99m [0;38;2;97;153;200;48;2;11;44;99m-12[0;48;2;11;44;99m                                    [0;38;2;58;53;45;48;2;28;26;23m│[0;48;2;28;26;23m [0m
[0;48;2;28;26;23m [0;38;2;107;98;84;48;2;28;26;23m│[0;48;2;28;26;23m                                 [0;38;2;107;98;84;48;2;28;26;23m│[0;48;2;28;26;23m [0;38;2;58;53;45;48;2;28;26;23m│[0;48;2;28;26;23m     [0;38;2;126;117;100;48;2;28;26;23m32[0;48;2;28;26;23m     [0;38;2;126;117;100;48;2;28;26;23m125[0;48;2;28;26;23m    [0;38;2;126;117;100;48;2;28;26;23m500[0;48;2;28;26;23m    [0;38;2;126;117;100;48;2;28;26;23m2k[0;48;2;28;26;23m    [0;38;2;126;117;100;48;2;28;26;23m8k[0;48;2;28;26;23m      [0;38;2;58;53;45;48;2;28;26;23m│[0;48;2;28;26;23m [0m
[0;48;2;28;26;23m [0;38;2;107;98;84;48;2;28;26;23m│[0;48;2;28;26;23m                                 [0;38;2;107;98;84;48;2;28;26;23m│[0;48;2;28;26;23m [0;38;2;58;53;45;48;2;28;26;23m╰────────────────────────────────────────╯[0;48;2;28;26;23m [0m
[0;48;2;28;26;23m [0;38;2;107;98;84;48;2;28;26;23m│[0;48;2;28;26;23m                                 [0;38;2;107;98;84;48;2;28;26;23m│[0;48;2;28;26;23m   [0;38;2;126;117;100;48;2;28;26;23mPREAMP[0;48;2;28;26;23m   [0;38;2;126;117;100;48;2;28;26;23m0.0 dB[0;48;2;28;26;23m                          [0m
[0;48;2;28;26;23m [0;38;2;107;98;84;48;2;28;26;23m│[0;48;2;28;26;23m                                 [0;38;2;107;98;84;48;2;28;26;23m│[0;48;2;28;26;23m   [0;38;2;126;117;100;48;2;28;26;23mTONE[0;48;2;28;26;23m     [0;38;2;126;117;100;48;2;28;26;23mflat[0;48;2;28;26;23m                            [0m
[0;48;2;28;26;23m [0;38;2;107;98;84;48;2;28;26;23m│[0;48;2;28;26;23m                                 [0;38;2;107;98;84;48;2;28;26;23m│[0;48;2;28;26;23m   [0;38;2;126;117;100;48;2;28;26;23mKNOBS[0;48;2;28;26;23m    [0;38;2;126;117;100;48;2;28;26;23mnone[0;48;2;28;26;23m                            [0m
[0;48;2;28;26;23m [0;38;2;107;98;84;48;2;28;26;23m│[0;48;2;28;26;23m                                 [0;38;2;107;98;84;48;2;28;26;23m│[0;48;2;28;26;23m   [0;38;2;126;117;100;48;2;28;26;23mDYNAMICS[0;48;2;28;26;23m [0;38;2;126;117;100;48;2;28;26;23moff[0;48;2;28;26;23m                             [0m
[0;48;2;28;26;23m [0;38;2;107;98;84;48;2;28;26;23m╰─────────────────────────────────╯[0;48;2;28;26;23m   [0;38;2;126;117;100;48;2;28;26;23mFILTERS[0;48;2;28;26;23m  [0;38;2;126;117;100;48;2;28;26;23mnone[0;48;2;28;26;23m                            [0m
[0;48;2;28;26;23m                                                                                [0m
[0;1;38;2;244;236;216;48;2;52;48;42m ↑↓ [0;38;2;126;117;100;48;2;28;26;23m move  [0;1;38;2;244;236;216;48;2;52;48;42m Enter [0;38;2;126;117;100;48;2;28;26;23m use  [0;1;38;2;244;236;216;48;2;52;48;42m c [0;38;2;126;117;100;48;2;28;26;23m copy here  [0;1;38;2;244;236;216;48;2;52;48;42m e [0;38;2;126;117;100;48;2;28;26;23m edit  [0;1;38;2;244;236;216;48;2;52;48;42m / [0;38;2;126;117;100;48;2;28;26;23m search  [0;1;38;2;244;236;216;48;2;52;48;42m ? [0;38;2;126;117;100;48;2;28;26;23m keys  [0;1;38;2;244;236;216;48;2;52;48;42m q [0;38;2;126;117;100;48;2;28;26;23m quit[0;48;2;28;26;23m [0m
