[0;48;2;35;32;28m [0;38;2;126;117;100;48;2;35;32;28mDEVICE [0;1;38;2;244;236;216;48;2;35;32;28mBE-RCA[0;48;2;35;32;28m   [0;38;2;126;117;100;48;2;35;32;28mRATE [0;1;38;2;236;227;207;48;2;35;32;28m44.1k[0;48;2;35;32;28m   [0;38;2;126;117;100;48;2;35;32;28mPRESET [0;1;38;2;244;236;216;48;2;35;32;28mfavourite*[0;48;2;35;32;28m      [0;38;2;58;35;32;48;2;35;32;28m●[0;48;2;35;32;28m [0;38;2;126;117;100;48;2;35;32;28mSOLO[0;48;2;35;32;28m  [0;38;2;58;35;32;48;2;35;32;28m●[0;48;2;35;32;28m [0;38;2;126;117;100;48;2;35;32;28mBYPASS[0;48;2;35;32;28m  [0;38;2;58;35;32;48;2;35;32;28m●[0;48;2;35;32;28m [0;38;2;126;117;100;48;2;35;32;28mLIMIT[0;48;2;35;32;28m  [0m
[0;48;2;28;26;23m [0;4;38;2;240;162;74;48;2;52;48;42mM[0;38;2;185;174;151;48;2;52;48;42mETER[0;48;2;28;26;23m [0;4;38;2;240;162;74;48;2;52;48;42mT[0;38;2;185;174;151;48;2;52;48;42mUNE[0;48;2;28;26;23m [0;4;38;2;240;162;74;48;2;52;48;42mI[0;38;2;185;174;151;48;2;52;48;42mNSTRUMENTS[0;48;2;28;26;23m [0;4;38;2;240;162;74;48;2;52;48;42mP[0;38;2;185;174;151;48;2;52;48;42mRESETS[0;48;2;28;26;23m [0;4;38;2;240;162;74;48;2;52;48;42mD[0;38;2;185;174;151;48;2;52;48;42mEVICES[0;48;2;28;26;23m [0;4;38;2;240;162;74;48;2;52;48;42mF[0;38;2;185;174;151;48;2;52;48;42mILTERS[0;48;2;28;26;23m [0;1;38;2;22;20;15;48;2;240;162;74m APPS [0;48;2;28;26;23m [0;4;38;2;240;162;74;48;2;52;48;42mS[0;38;2;185;174;151;48;2;52;48;42mYSTEM[0;48;2;28;26;23m [0;4;38;2;240;162;74;48;2;52;48;42mH[0;38;2;185;174;151;48;2;52;48;42mISTORY[0;48;2;28;26;23m [0;4;38;2;240;162;74;48;2;52;48;42mE[0;38;2;185;174;151;48;2;52;48;42mVENTS[0;48;2;28;26;23m    [0m
[0;48;2;28;26;23m [0;38;2;107;98;84;48;2;28;26;23m╭─[0;1;38;2;185;174;151;48;2;28;26;23m APP RULES [0;38;2;107;98;84;48;2;28;26;23m─────────────────────────────────────────[0;38;2;126;117;100;48;2;28;26;23m on · experimental · 4 [0;38;2;107;98;84;48;2;28;26;23m╮[0;48;2;28;26;23m [0m
[0;48;2;28;26;23m [0;38;2;107;98;84;48;2;28;26;23m│[0;48;2;28;26;23m    [0;38;2;126;117;100;48;2;28;26;23mAPP[0;48;2;28;26;23m                 [0;38;2;126;117;100;48;2;28;26;23mPRESET[0;48;2;28;26;23m                              [0;38;2;126;117;100;48;2;28;26;23mNOW[0;48;2;28;26;23m             [0;38;2;107;98;84;48;2;28;26;23m│[0;48;2;28;26;23m [0m
[0;48;2;28;26;23m [0;38;2;107;98;84;48;2;28;26;23m│[0;1;38;2;240;162;74;48;2;58;50;38m▸[0;48;2;58;50;38m [0;1;38;2;240;162;74;48;2;58;50;38m◉[0;48;2;58;50;38m [0;1;38;2;244;236;216;48;2;58;50;38mSpotify[0;48;2;58;50;38m           [0;38;2;126;117;100;48;2;58;50;38m→ [0;1;38;2;240;162;74;48;2;58;50;38mnight[0;48;2;58;50;38m                               [0;38;2;61;220;116;48;2;58;50;38mheard now[0;48;2;58;50;38m       [0;38;2;107;98;84;48;2;28;26;23m│[0;48;2;28;26;23m [0m
[0;48;2;28;26;23m [0;38;2;107;98;84;48;2;28;26;23m│[0;48;2;28;26;23m    [0;38;2;236;227;207;48;2;28;26;23mcom.apple.Music[0;48;2;28;26;23m   [0;38;2;126;117;100;48;2;28;26;23m→ [0;1;38;2;240;162;74;48;2;28;26;23mlate jazz[0;48;2;28;26;23m                                           [0;38;2;107;98;84;48;2;28;26;23m│[0;48;2;28;26;23m [0m
[0;48;2;28;26;23m [0;38;2;107;98;84;48;2;28;26;23m│[0;48;2;28;26;23m    [0;38;2;236;227;207;48;2;28;26;23mChrome[0;48;2;28;26;23m            [0;38;2;126;117;100;48;2;28;26;23m→ [0;1;38;2;240;162;74;48;2;28;26;23mpodcast[0;48;2;28;26;23m                             [0;38;2;185;174;151;48;2;28;26;23mhas audio[0;48;2;28;26;23m       [0;38;2;107;98;84;48;2;28;26;23m│[0;48;2;28;26;23m [0m
[0;48;2;28;26;23m [0;38;2;107;98;84;48;2;28;26;23m│[0;48;2;28;26;23m    [0;38;2;236;227;207;48;2;28;26;23mcom.example.Gone[0;48;2;28;26;23m  [0;38;2;126;117;100;48;2;28;26;23m→ [0;38;2;245;198;71;48;2;28;26;23mvinyl[0;48;2;28;26;23m                               [0;38;2;245;198;71;48;2;28;26;23mno such preset[0;48;2;28;26;23m  [0;38;2;107;98;84;48;2;28;26;23m│[0;48;2;28;26;23m [0m
[0;48;2;28;26;23m [0;38;2;107;98;84;48;2;28;26;23m│[0;48;2;28;26;23m                                                                            [0;38;2;107;98;84;48;2;28;26;23m│[0;48;2;28;26;23m [0m
[0;48;2;28;26;23m [0;38;2;107;98;84;48;2;28;26;23m│[0;48;2;28;26;23m                                                                            [0;38;2;107;98;84;48;2;28;26;23m│[0;48;2;28;26;23m [0m
[0;48;2;28;26;23m [0;38;2;107;98;84;48;2;28;26;23m│[0;48;2;28;26;23m                                                                            [0;38;2;107;98;84;48;2;28;26;23m│[0;48;2;28;26;23m [0m
[0;48;2;28;26;23m [0;38;2;107;98;84;48;2;28;26;23m╰────────────────────────────────────────────────────────────────────────────╯[0;48;2;28;26;23m [0m
[0;48;2;28;26;23m [0;38;2;58;53;45;48;2;28;26;23m╭─[0;1;38;2;185;174;151;48;2;28;26;23m WITH AUDIO OPEN [0;38;2;58;53;45;48;2;28;26;23m───────────────────────────────────────────────────────[0;38;2;126;117;100;48;2;28;26;23m 3 [0;38;2;58;53;45;48;2;28;26;23m╮[0;48;2;28;26;23m [0m
[0;48;2;28;26;23m [0;38;2;58;53;45;48;2;28;26;23m│[0;48;2;28;26;23m  [0;38;2;240;162;74;48;2;28;26;23m●[0;48;2;28;26;23m [0;1;38;2;244;236;216;48;2;28;26;23mSpotify[0;48;2;28;26;23m           [0;38;2;126;117;100;48;2;28;26;23m→ [0;38;2;240;162;74;48;2;28;26;23mnight[0;48;2;28;26;23m                                               [0;38;2;58;53;45;48;2;28;26;23m│[0;48;2;28;26;23m [0m
[0;48;2;28;26;23m [0;38;2;58;53;45;48;2;28;26;23m│[0;48;2;28;26;23m  [0;38;2;126;117;100;48;2;28;26;23m●[0;48;2;28;26;23m [0;38;2;236;227;207;48;2;28;26;23mChrome[0;48;2;28;26;23m            [0;38;2;126;117;100;48;2;28;26;23m→ [0;38;2;240;162;74;48;2;28;26;23mpodcast[0;48;2;28;26;23m                                             [0;38;2;58;53;45;48;2;28;26;23m│[0;48;2;28;26;23m [0m
[0;48;2;28;26;23m [0;38;2;58;53;45;48;2;28;26;23m│[0;48;2;28;26;23m  [0;38;2;126;117;100;48;2;28;26;23m●[0;48;2;28;26;23m [0;38;2;236;227;207;48;2;28;26;23mSafari[0;48;2;28;26;23m            [0;38;2;126;117;100;48;2;28;26;23mno rule — a adds one[0;48;2;28;26;23m                                  [0;38;2;58;53;45;48;2;28;26;23m│[0;48;2;28;26;23m [0m
[0;48;2;28;26;23m [0;38;2;58;53;45;48;2;28;26;23m╰────────────────────────────────────────────────────────────────────────────╯[0;48;2;28;26;23m [0m
[0;48;2;28;26;23m [0;38;2;107;98;84;48;2;28;26;23m╭─[0;1;38;2;244;236;216;48;2;28;26;23m an app with audio open [0;38;2;107;98;84;48;2;28;26;23m────────────────────────────────────────────────[0;38;2;126;117;100;48;2;28;26;23m 3 [0;38;2;107;98;84;48;2;28;26;23m╮[0;48;2;28;26;23m [0m
[0;48;2;28;26;23m [0;38;2;107;98;84;48;2;28;26;23m│[0;48;2;28;26;23m  [0;38;2;236;227;207;48;2;28;26;23mSpotify[0;48;2;28;26;23m       [0;38;2;126;117;100;48;2;28;26;23mcom.spotify.client · → night[0;48;2;28;26;23m                                [0;38;2;107;98;84;48;2;28;26;23m│[0;48;2;28;26;23m [0m
[0;48;2;28;26;23m [0;38;2;107;98;84;48;2;28;26;23m│[0;1;38;2;240;162;74;48;2;58;50;38m▸[0;48;2;58;50;38m [0;1;38;2;244;236;216;48;2;58;50;38mSafari[0;48;2;58;50;38m        [0;38;2;126;117;100;48;2;58;50;38mcom.apple.Safari[0;48;2;58;50;38m                                            [0;38;2;107;98;84;48;2;28;26;23m│[0;48;2;28;26;23m [0m
[0;48;2;28;26;23m [0;38;2;107;98;84;48;2;28;26;23m│[0;48;2;28;26;23m  [0;38;2;236;227;207;48;2;28;26;23m“s”[0;48;2;28;26;23m           [0;38;2;126;117;100;48;2;28;26;23mas typed: a bundle ID or an installed app's name[0;48;2;28;26;23m            [0;38;2;107;98;84;48;2;28;26;23m│[0;48;2;28;26;23m [0m
[0;48;2;28;26;23m [0;38;2;107;98;84;48;2;28;26;23m╰────────────────────────────────────────────────────────────────────────────╯[0;48;2;28;26;23m [0m
[0;48;2;28;26;23m [0;38;2;126;117;100;48;2;28;26;23mapp: [0;38;2;236;227;207;48;2;28;26;23ms▏[0;48;2;28;26;23m                                                                        [0m
[0;1;38;2;244;236;216;48;2;52;48;42m ↑↓ [0;38;2;126;117;100;48;2;28;26;23m choose  [0;1;38;2;244;236;216;48;2;52;48;42m Enter [0;38;2;126;117;100;48;2;28;26;23m pick  [0;1;38;2;244;236;216;48;2;52;48;42m Esc [0;38;2;126;117;100;48;2;28;26;23m cancel[0;48;2;28;26;23m                                         [0m
