[0;38;2;88;84;76;48;2;23;22;19m [0;38;2;53;49;42;48;2;23;22;19mDEVICE [0;38;2;90;87;79;48;2;23;22;19mBE-RCA[0;38;2;88;84;76;48;2;23;22;19m   [0;38;2;53;49;42;48;2;23;22;19mRATE [0;38;2;88;84;76;48;2;23;22;19m44.1k   [0;38;2;53;49;42;48;2;23;22;19mPRESET [0;38;2;90;87;79;48;2;23;22;19mfavourite*[0;38;2;88;84;76;48;2;23;22;19m   [0;38;2;53;49;42;48;2;23;22;19mVOICE [0;38;2;55;83;63;48;2;23;22;19m+3.0[0;38;2;88;84;76;48;2;23;22;19m                                 [0;38;2;31;23;20;48;2;23;22;19m●[0;38;2;88;84;76;48;2;23;22;19m [0;38;2;53;49;42;48;2;23;22;19mSOLO[0;38;2;88;84;76;48;2;23;22;19m  [0;38;2;31;23;20;48;2;23;22;19m●[0;38;2;88;84;76;48;2;23;22;19m [0;38;2;53;49;42;48;2;23;22;19mBYPASS[0;38;2;88;84;76;48;2;23;22;19m  [0;38;2;31;23;20;48;2;23;22;19m●[0;38;2;88;84;76;48;2;23;22;19m [0;38;2;53;49;42;48;2;23;22;19mLIMIT[0;38;2;88;84;76;48;2;23;22;19m  [0m
[0;38;2;88;84;76;48;2;21;20;18m [0;38;2;19;18;15;48;2;89;63;34m METER [0;38;2;88;84;76;48;2;21;20;18m [0;38;2;88;84;76;48;2;29;27;24m [0;4;38;2;89;63;34;48;2;29;27;24mT[0;38;2;71;67;59;48;2;29;27;24mUNE [0;38;2;88;84;76;48;2;21;20;18m [0;38;2;88;84;76;48;2;29;27;24m [0;4;38;2;89;63;34;48;2;29;27;24mI[0;38;2;71;67;59;48;2;29;27;24mNSTRUMENTS [0;38;2;88;84;76;48;2;21;20;18m [0;38;2;88;84;76;48;2;29;27;24m [0;4;38;2;89;63;34;48;2;29;27;24mP[0;38;2;71;67;59;48;2;29;27;24mRESETS [0;38;2;88;84;76;48;2;21;20;18m [0;38;2;88;84;76;48;2;29;27;24m [0;4;38;2;89;63;34;48;2;29;27;24mD[0;38;2;71;67;59;48;2;29;27;24mEVICES [0;38;2;88;84;76;48;2;21;20;18m [0;38;2;88;84;76;48;2;29;27;24m [0;4;38;2;89;63;34;48;2;29;27;24mF[0;38;2;71;67;59;48;2;29;27;24mILTERS [0;38;2;88;84;76;48;2;21;20;18m [0;38;2;88;84;76;48;2;29;27;24m [0;4;38;2;89;63;34;48;2;29;27;24mA[0;38;2;71;67;59;48;2;29;27;24mPPS [0;38;2;88;84;76;48;2;21;20;18m [0;38;2;88;84;76;48;2;29;27;24m [0;4;38;2;89;63;34;48;2;29;27;24mS[0;38;2;71;67;59;48;2;29;27;24mYSTEM [0;38;2;88;84;76;48;2;21;20;18m [0;38;2;88;84;76;48;2;29;27;24m [0;4;38;2;89;63;34;48;2;29;27;24mH[0;38;2;71;67;59;48;2;29;27;24mISTORY [0;38;2;88;84;76;48;2;21;20;18m [0;38;2;88;84;76;48;2;29;27;24m [0;4;38;2;89;63;34;48;2;29;27;24mE[0;38;2;71;67;59;48;2;29;27;24mVENTS [0;38;2;88;84;76;48;2;21;20;18m              [0;38;2;89;63;34;48;2;21;20;18mg[0;38;2;53;49;42;48;2;21;20;18m go[0;38;2;88;84;76;48;2;21;20;18m  [0;38;2;89;63;34;48;2;21;20;18m;[0;38;2;53;49;42;48;2;21;20;18m cmd[0;38;2;88;84;76;48;2;21;20;18m [0m
[0;38;2;88;84;76;48;2;21;20;18m    [0;38;2;107;98;84;48;2;28;26;23m╭─[0;1;38;2;244;236;216;48;2;28;26;23m keys [0;38;2;107;98;84;48;2;28;26;23m───────────────────────────────────────────────────────────────────────────────────────────[0;38;2;126;117;100;48;2;28;26;23m meter view [0;38;2;107;98;84;48;2;28;26;23m╮[0;38;2;31;29;25;48;2;21;20;18m──╮[0;38;2;88;84;76;48;2;21;20;18m [0m
[0;38;2;88;84;76;48;2;21;20;18m [0;38;2;53;49;42;48;2;21;20;18m  0[0;38;2;107;98;84;48;2;28;26;23m│[0;48;2;28;26;23m                                                                                                              [0;38;2;107;98;84;48;2;28;26;23m│[0;38;2;88;84;76;48;2;21;20;18m  [0;38;2;31;29;25;48;2;21;20;18m│[0;38;2;88;84;76;48;2;21;20;18m [0m
[0;38;2;88;84;76;48;2;21;20;18m [0;38;2;53;49;42;48;2;21;20;18m -6[0;38;2;107;98;84;48;2;28;26;23m│[0;48;2;28;26;23m  [0;1;38;2;240;162;74;48;2;28;26;23mTune[0;48;2;28;26;23m [0;38;2;58;53;45;48;2;28;26;23m───────────────────────────────────────────────[0;48;2;28;26;23m  [0;1;38;2;240;162;74;48;2;28;26;23mLook[0;48;2;28;26;23m [0;38;2;58;53;45;48;2;28;26;23m───────────────────────────────────────────────[0;48;2;28;26;23m  [0;38;2;107;98;84;48;2;28;26;23m│[0;38;2;88;84;76;48;2;16;26;42m [0;38;2;88;84;76;48;2;21;20;18m [0;38;2;31;29;25;48;2;21;20;18m│[0;38;2;88;84;76;48;2;21;20;18m [0m
[0;38;2;88;84;76;48;2;21;20;18m    [0;38;2;107;98;84;48;2;28;26;23m│[0;48;2;28;26;23m  [0;1;38;2;244;236;216;48;2;52;48;42m 1 … 9 0 [0;48;2;28;26;23m  [0;38;2;185;174;151;48;2;28;26;23mraise band 32 Hz … 16 kHz by 0.5 dB (0 is[0;48;2;28;26;23m  [0;1;38;2;244;236;216;48;2;52;48;42m y Y [0;48;2;28;26;23m      [0;38;2;185;174;151;48;2;28;26;23mnext look: studio → console / next[0;48;2;28;26;23m         [0;38;2;107;98;84;48;2;28;26;23m│[0;38;2;88;84;76;48;2;16;26;42m [0;38;2;88;84;76;48;2;21;20;18m [0;38;2;31;29;25;48;2;21;20;18m│[0;38;2;88;84;76;48;2;21;20;18m [0m
[0;38;2;88;84;76;48;2;21;20;18m    [0;38;2;107;98;84;48;2;28;26;23m│[0;48;2;28;26;23m             [0;38;2;185;174;151;48;2;28;26;23mthe tenth band, 16 kHz)[0;48;2;28;26;23m                               [0;38;2;185;174;151;48;2;28;26;23mpalette: ink → paper → brass; saved as[0;48;2;28;26;23m     [0;38;2;107;98;84;48;2;28;26;23m│[0;38;2;88;84;76;48;2;16;26;42m [0;38;2;88;84;76;48;2;21;20;18m [0;38;2;31;29;25;48;2;21;20;18m│[0;38;2;88;84;76;48;2;21;20;18m [0m
[0;38;2;88;84;76;48;2;21;20;18m    [0;38;2;107;98;84;48;2;28;26;23m│[0;48;2;28;26;23m  [0;1;38;2;244;236;216;48;2;52;48;42m ⇧1 … ⇧0 [0;48;2;28;26;23m  [0;38;2;185;174;151;48;2;28;26;23mlower it by 0.5 dB: ! @ # $ % ^ & * ( )[0;48;2;28;26;23m               [0;38;2;185;174;151;48;2;28;26;23mtui.look and tui.palette[0;48;2;28;26;23m                   [0;38;2;107;98;84;48;2;28;26;23m│[0;38;2;88;84;76;48;2;16;26;42m [0;38;2;88;84;76;48;2;21;20;18m [0;38;2;31;29;25;48;2;21;20;18m│[0;38;2;88;84;76;48;2;21;20;18m [0m
[0;38;2;88;84;76;48;2;21;20;18m [0;38;2;53;49;42;48;2;21;20;18m-18[0;38;2;107;98;84;48;2;28;26;23m│[0;48;2;28;26;23m             [0;38;2;185;174;151;48;2;28;26;23mon a US layout[0;48;2;28;26;23m                                                                                   [0;38;2;107;98;84;48;2;28;26;23m│[0;38;2;88;84;76;48;2;21;20;18m  [0;38;2;31;29;25;48;2;21;20;18m│[0;38;2;88;84;76;48;2;21;20;18m [0m
[0;38;2;88;84;76;48;2;21;20;18m    [0;38;2;107;98;84;48;2;28;26;23m│[0;48;2;28;26;23m  [0;1;38;2;244;236;216;48;2;52;48;42m + - [0;48;2;28;26;23m      [0;38;2;185;174;151;48;2;28;26;23mpreamp ±0.5 dB (= and _ work too, no[0;48;2;28;26;23m       [0;1;38;2;240;162;74;48;2;28;26;23mGo to[0;48;2;28;26;23m [0;38;2;58;53;45;48;2;28;26;23m──────────────────────────────────────────────[0;48;2;28;26;23m  [0;38;2;107;98;84;48;2;28;26;23m│[0;38;2;88;84;76;48;2;21;20;18m  [0;38;2;31;29;25;48;2;21;20;18m│[0;38;2;88;84;76;48;2;21;20;18m [0m
[0;38;2;88;84;76;48;2;21;20;18m    [0;38;2;107;98;84;48;2;28;26;23m│[0;48;2;28;26;23m             [0;38;2;185;174;151;48;2;28;26;23mShift needed)[0;48;2;28;26;23m                              [0;1;38;2;244;236;216;48;2;52;48;42m g m [0;48;2;28;26;23m      [0;38;2;185;174;151;48;2;28;26;23mthe meter[0;48;2;28;26;23m                                  [0;38;2;107;98;84;48;2;28;26;23m│[0;38;2;88;84;76;48;2;21;20;18m  [0;38;2;31;29;25;48;2;21;20;18m│[0;38;2;88;84;76;48;2;21;20;18m [0m
[0;38;2;88;84;76;48;2;21;20;18m    [0;38;2;107;98;84;48;2;28;26;23m│[0;48;2;28;26;23m  [0;1;38;2;244;236;216;48;2;52;48;42m b B t T [0;48;2;28;26;23m  [0;38;2;185;174;151;48;2;28;26;23mbass / treble shelf +0.5 dB, with Shift[0;48;2;28;26;23m    [0;1;38;2;244;236;216;48;2;52;48;42m g t [0;48;2;28;26;23m      [0;38;2;185;174;151;48;2;28;26;23mthe curve to edit: bands as sliders,[0;48;2;28;26;23m       [0;38;2;107;98;84;48;2;28;26;23m│[0;38;2;88;84;76;48;2;21;20;18m  [0;38;2;31;29;25;48;2;21;20;18m│[0;38;2;88;84;76;48;2;21;20;18m [0m
[0;38;2;88;84;76;48;2;21;20;18m [0;38;2;53;49;42;48;2;21;20;18m-30[0;38;2;107;98;84;48;2;28;26;23m│[0;48;2;28;26;23m             [0;38;2;185;174;151;48;2;28;26;23m−0.5 dB[0;48;2;28;26;23m                                               [0;38;2;185;174;151;48;2;28;26;23mpreamp, tone, dynamics[0;48;2;28;26;23m                     [0;38;2;107;98;84;48;2;28;26;23m│[0;38;2;88;84;76;48;2;21;20;18m  [0;38;2;31;29;25;48;2;21;20;18m│[0;38;2;88;84;76;48;2;21;20;18m [0m
[0;38;2;88;84;76;48;2;21;20;18m    [0;38;2;107;98;84;48;2;28;26;23m│[0;48;2;28;26;23m  [0;1;38;2;244;236;216;48;2;52;48;42m p ↓ ↑ [0;48;2;28;26;23m    [0;38;2;185;174;151;48;2;28;26;23mnext preset (p, ↓) / previous one (↑),[0;48;2;28;26;23m     [0;1;38;2;244;236;216;48;2;52;48;42m g i [0;48;2;28;26;23m      [0;38;2;185;174;151;48;2;28;26;23mthe instruments, their knobs and levels[0;48;2;28;26;23m    [0;38;2;107;98;84;48;2;28;26;23m│[0;38;2;88;84;76;48;2;21;20;18m  [0;38;2;31;29;25;48;2;21;20;18m│[0;38;2;88;84;76;48;2;21;20;18m [0m
[0;38;2;88;84;76;48;2;21;20;18m    [0;38;2;107;98;84;48;2;28;26;23m│[0;48;2;28;26;23m             [0;38;2;185;174;151;48;2;28;26;23malphabetically, wrapping round[0;48;2;28;26;23m             [0;1;38;2;244;236;216;48;2;52;48;42m g p [0;48;2;28;26;23m      [0;38;2;185;174;151;48;2;28;26;23mthe presets: apply, save as, rename,[0;48;2;28;26;23m       [0;38;2;107;98;84;48;2;28;26;23m│[0;38;2;88;84;76;48;2;21;20;18m  [0;38;2;31;29;25;48;2;21;20;18m│[0;38;2;88;84;76;48;2;21;20;18m [0m
[0;38;2;88;84;76;48;2;21;20;18m    [0;38;2;107;98;84;48;2;28;26;23m│[0;48;2;28;26;23m  [0;1;38;2;244;236;216;48;2;52;48;42m c [0;48;2;28;26;23m        [0;38;2;185;174;151;48;2;28;26;23mcompressor: off → gentle → night → off[0;48;2;28;26;23m                [0;38;2;185;174;151;48;2;28;26;23mdelete, compare[0;48;2;28;26;23m                            [0;38;2;107;98;84;48;2;28;26;23m│[0;38;2;53;49;42;48;2;21;20;18mLT[0;38;2;31;29;25;48;2;21;20;18m│[0;38;2;88;84;76;48;2;21;20;18m [0m
[0;38;2;88;84;76;48;2;21;20;18m [0;38;2;53;49;42;48;2;21;20;18m-42[0;38;2;107;98;84;48;2;28;26;23m│[0;48;2;28;26;23m  [0;1;38;2;244;236;216;48;2;52;48;42m v V [0;48;2;28;26;23m      [0;38;2;185;174;151;48;2;28;26;23mcolour: off → tape → tube → off, starting[0;48;2;28;26;23m  [0;1;38;2;244;236;216;48;2;52;48;42m g d [0;48;2;28;26;23m      [0;38;2;185;174;151;48;2;28;26;23mthe outputs and their curves: use one,[0;48;2;28;26;23m     [0;38;2;107;98;84;48;2;28;26;23m│[0;38;2;88;84;76;48;2;21;20;18m  [0;38;2;31;29;25;48;2;21;20;18m│[0;38;2;88;84;76;48;2;21;20;18m [0m
[0;38;2;88;84;76;48;2;21;20;18m    [0;38;2;107;98;84;48;2;28;26;23m│[0;48;2;28;26;23m             [0;38;2;185;174;151;48;2;28;26;23mat 0.3 / raise the amount by 0.1, from 1[0;48;2;28;26;23m              [0;38;2;185;174;151;48;2;28;26;23mcopy the curve to one, edit one[0;48;2;28;26;23m            [0;38;2;107;98;84;48;2;28;26;23m│[0;38;2;88;84;76;48;2;21;20;18m  [0;38;2;31;29;25;48;2;21;20;18m│[0;38;2;88;84;76;48;2;21;20;18m [0m
[0;38;2;88;84;76;48;2;21;20;18m    [0;38;2;107;98;84;48;2;28;26;23m│[0;48;2;28;26;23m             [0;38;2;185;174;151;48;2;28;26;23mback to 0.1[0;48;2;28;26;23m                                [0;1;38;2;244;236;216;48;2;52;48;42m g f [0;48;2;28;26;23m      [0;38;2;185;174;151;48;2;28;26;23mthe current device's parametric filters:[0;48;2;28;26;23m   [0;38;2;107;98;84;48;2;28;26;23m│[0;38;2;88;84;76;48;2;21;20;18m  [0;38;2;31;29;25;48;2;21;20;18m│[0;38;2;88;84;76;48;2;21;20;18m [0m
[0;38;2;88;84;76;48;2;21;20;18m    [0;38;2;107;98;84;48;2;28;26;23m│[0;48;2;28;26;23m  [0;1;38;2;244;236;216;48;2;52;48;42m s [0;48;2;28;26;23m        [0;38;2;185;174;151;48;2;28;26;23msave the curve as a preset: type a name,[0;48;2;28;26;23m              [0;38;2;185;174;151;48;2;28;26;23madd, change, remove[0;48;2;28;26;23m                        [0;38;2;107;98;84;48;2;28;26;23m│[0;38;2;94;81;43;48;2;21;20;18mR[0;38;2;88;84;76;48;2;21;20;18m [0;38;2;31;29;25;48;2;21;20;18m│[0;38;2;88;84;76;48;2;21;20;18m [0m
[0;38;2;88;84;76;48;2;21;20;18m    [0;38;2;107;98;84;48;2;28;26;23m│[0;48;2;28;26;23m             [0;38;2;185;174;151;48;2;28;26;23mEnter saves, Esc cancels[0;48;2;28;26;23m                   [0;1;38;2;244;236;216;48;2;52;48;42m g a [0;48;2;28;26;23m      [0;38;2;185;174;151;48;2;28;26;23mthe app rules: which preset plays while[0;48;2;28;26;23m    [0;38;2;107;98;84;48;2;28;26;23m│[0;38;2;88;84;76;48;2;21;20;18m  [0;38;2;31;29;25;48;2;21;20;18m│[0;38;2;88;84;76;48;2;21;20;18m [0m
[0;38;2;88;84;76;48;2;21;20;18m [0;38;2;53;49;42;48;2;21;20;18m-60[0;38;2;107;98;84;48;2;28;26;23m│[0;48;2;28;26;23m                                                                   [0;38;2;185;174;151;48;2;28;26;23man app does, and the routes[0;48;2;28;26;23m                [0;38;2;107;98;84;48;2;28;26;23m│[0;38;2;88;84;76;48;2;21;20;18m  [0;38;2;31;29;25;48;2;21;20;18m│[0;38;2;88;84;76;48;2;21;20;18m [0m
[0;38;2;88;84;76;48;2;21;20;18m    [0;38;2;107;98;84;48;2;28;26;23m│[0;48;2;28;26;23m  [0;1;38;2;240;162;74;48;2;28;26;23mInstruments[0;48;2;28;26;23m [0;38;2;58;53;45;48;2;28;26;23m────────────────────────────────────────[0;48;2;28;26;23m  [0;1;38;2;244;236;216;48;2;52;48;42m g s [0;48;2;28;26;23m      [0;38;2;185;174;151;48;2;28;26;23mthe daemon, the mode and the driver's[0;48;2;28;26;23m      [0;38;2;107;98;84;48;2;28;26;23m│[0;38;2;47;70;92;48;2;21;20;18mX[0;38;2;88;84;76;48;2;21;20;18m [0;38;2;31;29;25;48;2;21;20;18m│[0;38;2;88;84;76;48;2;21;20;18m [0m
[0;38;2;88;84;76;48;2;21;20;18m    [0;38;2;107;98;84;48;2;28;26;23m│[0;48;2;28;26;23m  [0;1;38;2;244;236;216;48;2;52;48;42m z [0;48;2;28;26;23m        [0;38;2;185;174;151;48;2;28;26;23mthe instrument strip, on and off[0;48;2;28;26;23m                      [0;38;2;185;174;151;48;2;28;26;23mhealth, and eq doctor[0;48;2;28;26;23m                      [0;38;2;107;98;84;48;2;28;26;23m│[0;38;2;88;84;76;48;2;21;20;18m  [0;38;2;31;29;25;48;2;21;20;18m│[0;38;2;88;84;76;48;2;21;20;18m [0m
[0;38;2;88;84;76;48;2;21;20;18m    [0;38;2;107;98;84;48;2;28;26;23m│[0;48;2;28;26;23m  [0;1;38;2;244;236;216;48;2;52;48;42m i [0;48;2;28;26;23m        [0;38;2;185;174;151;48;2;28;26;23mthe Instruments view: ranges in Hz, the[0;48;2;28;26;23m    [0;1;38;2;244;236;216;48;2;52;48;42m g h [0;48;2;28;26;23m      [0;38;2;185;174;151;48;2;28;26;23mthe saved versions of eq.json: restore[0;48;2;28;26;23m     [0;38;2;107;98;84;48;2;28;26;23m│[0;38;2;88;84;76;48;2;21;20;18m  [0;38;2;31;29;25;48;2;21;20;18m│[0;38;2;88;84;76;48;2;21;20;18m [0m
[0;38;2;88;84;76;48;2;21;20;18m    [0;38;2;107;98;84;48;2;28;26;23m│[0;48;2;28;26;23m             [0;38;2;185;174;151;48;2;28;26;23mbands each touches, knob gains, levels;[0;48;2;28;26;23m               [0;38;2;185;174;151;48;2;28;26;23mone, step with undo and redo[0;48;2;28;26;23m               [0;38;2;107;98;84;48;2;28;26;23m│[0;38;2;88;84;76;48;2;21;20;18m  [0;38;2;31;29;25;48;2;21;20;18m│[0;38;2;88;84;76;48;2;21;20;18m [0m
[0;38;2;88;84;76;48;2;21;20;18m    [0;38;2;107;98;84;48;2;28;26;23m│[0;48;2;28;26;23m             [0;38;2;185;174;151;48;2;28;26;23mEsc comes back[0;48;2;28;26;23m                             [0;1;38;2;244;236;216;48;2;52;48;42m g e [0;48;2;28;26;23m      [0;38;2;185;174;151;48;2;28;26;23mthe daemon's events as they happen[0;48;2;28;26;23m         [0;38;2;107;98;84;48;2;28;26;23m│[0;38;2;88;84;76;48;2;21;20;18m  [0;38;2;31;29;25;48;2;21;20;18m│[0;38;2;88;84;76;48;2;21;20;18m [0m
[0;38;2;88;84;76;48;2;21;20;18m    [0;38;2;107;98;84;48;2;28;26;23m│[0;48;2;28;26;23m  [0;1;38;2;244;236;216;48;2;52;48;42m ] Tab [ [0;48;2;28;26;23m  [0;38;2;185;174;151;48;2;28;26;23mfocus the next / previous instrument[0;48;2;28;26;23m       [0;1;38;2;244;236;216;48;2;52;48;42m Esc [0;48;2;28;26;23m      [0;38;2;185;174;151;48;2;28;26;23mstay; any other key does too[0;48;2;28;26;23m               [0;38;2;107;98;84;48;2;28;26;23m│[0;38;2;88;84;76;48;2;21;20;18m  [0;38;2;31;29;25;48;2;21;20;18m│[0;38;2;88;84;76;48;2;21;20;18m [0m
[0;38;2;88;84;76;48;2;21;20;18m    [0;38;2;107;98;84;48;2;28;26;23m│[0;48;2;28;26;23m  [0;1;38;2;244;236;216;48;2;52;48;42m → ← [0;48;2;28;26;23m      [0;38;2;185;174;151;48;2;28;26;23mthe focused instrument's knob ±0.5 dB (.[0;48;2;28;26;23m                                                         [0;38;2;107;98;84;48;2;28;26;23m│[0;38;2;88;84;76;48;2;21;20;18m  [0;38;2;31;29;25;48;2;21;20;18m│[0;38;2;88;84;76;48;2;21;20;18m [0m
[0;38;2;88;84;76;48;2;21;20;18m    [0;38;2;107;98;84;48;2;28;26;23m│[0;48;2;28;26;23m             [0;38;2;185;174;151;48;2;28;26;23mand , work too, no Shift needed)[0;48;2;28;26;23m           [0;1;38;2;240;162;74;48;2;28;26;23mCommand palette[0;48;2;28;26;23m [0;38;2;58;53;45;48;2;28;26;23m────────────────────────────────────[0;48;2;28;26;23m  [0;38;2;107;98;84;48;2;28;26;23m│[0;38;2;88;84;76;48;2;21;20;18m  [0;38;2;31;29;25;48;2;21;20;18m│[0;38;2;88;84;76;48;2;21;20;18m [0m
[0;38;2;88;84;76;48;2;21;20;18m    [0;38;2;107;98;84;48;2;28;26;23m│[0;48;2;28;26;23m  [0;1;38;2;244;236;216;48;2;52;48;42m l [0;48;2;28;26;23m        [0;38;2;185;174;151;48;2;28;26;23mlisten to the focused instrument alone,[0;48;2;28;26;23m    [0;1;38;2;244;236;216;48;2;52;48;42m Enter [0;48;2;28;26;23m    [0;38;2;185;174;151;48;2;28;26;23mrun the chosen line: an eq command as a[0;48;2;28;26;23m    [0;38;2;107;98;84;48;2;28;26;23m│[0;38;2;88;84;76;48;2;21;20;18m  [0;38;2;31;29;25;48;2;21;20;18m│[0;38;2;88;84;76;48;2;21;20;18m [0m
[0;38;2;88;84;76;48;2;21;20;18m    [0;38;2;107;98;84;48;2;28;26;23m│[0;48;2;28;26;23m             [0;38;2;185;174;151;48;2;28;26;23mand back[0;48;2;28;26;23m                                              [0;38;2;185;174;151;48;2;28;26;23mchild process, or a screen action[0;48;2;28;26;23m          [0;38;2;107;98;84;48;2;28;26;23m│[0;38;2;88;84;76;48;2;21;20;18m  [0;38;2;31;29;25;48;2;21;20;18m│[0;38;2;88;84;76;48;2;21;20;18m [0m
[0;38;2;88;84;76;48;2;21;20;18m    [0;38;2;107;98;84;48;2;28;26;23m│[0;48;2;28;26;23m  [0;1;38;2;244;236;216;48;2;52;48;42m Esc [0;48;2;28;26;23m      [0;38;2;185;174;151;48;2;28;26;23mleave the focus (and stop listening);[0;48;2;28;26;23m      [0;1;38;2;244;236;216;48;2;52;48;42m Tab [0;48;2;28;26;23m      [0;38;2;185;174;151;48;2;28;26;23mtake the chosen suggestion into the line[0;48;2;28;26;23m   [0;38;2;107;98;84;48;2;28;26;23m│[0;38;2;88;84;76;48;2;21;20;18m  [0;38;2;31;29;25;48;2;21;20;18m│[0;38;2;88;84;76;48;2;21;20;18m [0m
[0;38;2;88;84;76;48;2;21;20;18m    [0;38;2;107;98;84;48;2;28;26;23m╰─────────────────────────────────────────────────[0;38;2;126;117;100;48;2;28;26;23m 1–29 of 54 [0;38;2;107;98;84;48;2;28;26;23m─────────────────────────────────────────────────╯[0;38;2;31;29;25;48;2;21;20;18m──╯[0;38;2;88;84;76;48;2;21;20;18m [0m

[0;1;38;2;244;236;216;48;2;52;48;42m ↑↓ [0;38;2;126;117;100m scroll  [0;1;38;2;244;236;216;48;2;52;48;42m / [0;38;2;126;117;100m filter  [0;1;38;2;244;236;216;48;2;52;48;42m Esc [0;38;2;126;117;100m close[0m
