[0;48;2;35;32;28m [0;38;2;126;117;100;48;2;35;32;28mDEVICE [0;1;38;2;244;236;216;48;2;35;32;28mBE-RCA[0;48;2;35;32;28m   [0;38;2;126;117;100;48;2;35;32;28mRATE [0;1;38;2;236;227;207;48;2;35;32;28m44.1k[0;48;2;35;32;28m   [0;38;2;126;117;100;48;2;35;32;28mPRESET [0;1;38;2;244;236;216;48;2;35;32;28mfavourite*[0;48;2;35;32;28m      [0;38;2;58;35;32;48;2;35;32;28m●[0;48;2;35;32;28m [0;38;2;126;117;100;48;2;35;32;28mSOLO[0;48;2;35;32;28m  [0;38;2;58;35;32;48;2;35;32;28m●[0;48;2;35;32;28m [0;38;2;126;117;100;48;2;35;32;28mBYPASS[0;48;2;35;32;28m  [0;38;2;58;35;32;48;2;35;32;28m●[0;48;2;35;32;28m [0;38;2;126;117;100;48;2;35;32;28mLIMIT[0;48;2;35;32;28m  [0m
[0;48;2;28;26;23m [0;4;38;2;240;162;74;48;2;52;48;42mM[0;38;2;185;174;151;48;2;52;48;42mETER[0;48;2;28;26;23m [0;4;38;2;240;162;74;48;2;52;48;42mT[0;38;2;185;174;151;48;2;52;48;42mUNE[0;48;2;28;26;23m [0;4;38;2;240;162;74;48;2;52;48;42mI[0;38;2;185;174;151;48;2;52;48;42mNSTRUMENTS[0;48;2;28;26;23m [0;4;38;2;240;162;74;48;2;52;48;42mP[0;38;2;185;174;151;48;2;52;48;42mRESETS[0;48;2;28;26;23m [0;4;38;2;240;162;74;48;2;52;48;42mD[0;38;2;185;174;151;48;2;52;48;42mEVICES[0;48;2;28;26;23m [0;4;38;2;240;162;74;48;2;52;48;42mF[0;38;2;185;174;151;48;2;52;48;42mILTERS[0;48;2;28;26;23m [0;4;38;2;240;162;74;48;2;52;48;42mA[0;38;2;185;174;151;48;2;52;48;42mPPS[0;48;2;28;26;23m [0;1;38;2;22;20;15;48;2;240;162;74m SYSTEM [0;48;2;28;26;23m [0;4;38;2;240;162;74;48;2;52;48;42mH[0;38;2;185;174;151;48;2;52;48;42mISTORY[0;48;2;28;26;23m [0;4;38;2;240;162;74;48;2;52;48;42mE[0;38;2;185;174;151;48;2;52;48;42mVENTS[0;48;2;28;26;23m    [0m
[0;48;2;28;26;23m [0;38;2;107;98;84;48;2;28;26;23m╭─[0;1;38;2;185;174;151;48;2;28;26;23m DAEMON [0;38;2;107;98;84;48;2;28;26;23m───────────────────────────────────────────────────────────────────╮[0;48;2;28;26;23m [0m
[0;48;2;28;26;23m [0;38;2;107;98;84;48;2;28;26;23m│[0;48;2;28;26;23m [0;38;2;126;117;100;48;2;28;26;23mDAEMON[0;48;2;28;26;23m   [0;38;2;61;220;116;48;2;28;26;23mrunning[0;38;2;185;174;151;48;2;28;26;23m · pid 4312[0;48;2;28;26;23m                                                [0;38;2;107;98;84;48;2;28;26;23m│[0;48;2;28;26;23m [0m
[0;48;2;28;26;23m [0;38;2;107;98;84;48;2;28;26;23m│[0;48;2;28;26;23m [0;38;2;126;117;100;48;2;28;26;23mMODE[0;48;2;28;26;23m     [0;38;2;244;236;216;48;2;28;26;23mtap[0;48;2;28;26;23m                                                               [0;38;2;107;98;84;48;2;28;26;23m│[0;48;2;28;26;23m [0m
[0;48;2;28;26;23m [0;38;2;107;98;84;48;2;28;26;23m│[0;48;2;28;26;23m [0;38;2;126;117;100;48;2;28;26;23mDEVICE[0;48;2;28;26;23m   [0;38;2;244;236;216;48;2;28;26;23mBE-RCA[0;38;2;126;117;100;48;2;28;26;23m [usb] [0;38;2;185;174;151;48;2;28;26;23m44100 Hz · own profile[0;48;2;28;26;23m                               [0;38;2;107;98;84;48;2;28;26;23m│[0;48;2;28;26;23m [0m
[0;48;2;28;26;23m [0;38;2;107;98;84;48;2;28;26;23m│[0;48;2;28;26;23m [0;38;2;126;117;100;48;2;28;26;23mLATENCY[0;48;2;28;26;23m  [0;38;2;236;227;207;48;2;28;26;23m23 ms (device 12, eq adds 11)[0;48;2;28;26;23m                                     [0;38;2;107;98;84;48;2;28;26;23m│[0;48;2;28;26;23m [0m
[0;48;2;28;26;23m [0;38;2;107;98;84;48;2;28;26;23m│[0;48;2;28;26;23m [0;38;2;126;117;100;48;2;28;26;23mAUDIO[0;48;2;28;26;23m    [0;38;2;61;220;116;48;2;28;26;23mon[0;38;2;245;198;71;48;2;28;26;23m · 3 underruns, 1 overrun[0;48;2;28;26;23m                                       [0;38;2;107;98;84;48;2;28;26;23m│[0;48;2;28;26;23m [0m
[0;48;2;28;26;23m [0;38;2;107;98;84;48;2;28;26;23m│[0;48;2;28;26;23m [0;38;2;126;117;100;48;2;28;26;23mEQ[0;48;2;28;26;23m       [0;38;2;185;174;151;48;2;28;26;23m2026.09.30[0;38;2;245;198;71;48;2;28;26;23m · daemon 2026.09.29.5[0;48;2;28;26;23m                                  [0;38;2;107;98;84;48;2;28;26;23m│[0;48;2;28;26;23m [0m
[0;48;2;28;26;23m [0;38;2;107;98;84;48;2;28;26;23m│[0;48;2;28;26;23m [0;38;2;126;117;100;48;2;28;26;23mAGENT[0;48;2;28;26;23m    [0;38;2;61;220;116;48;2;28;26;23m✓ [0;38;2;185;174;151;48;2;28;26;23mbundled (login item "EQ")[0;48;2;28;26;23m                                       [0;38;2;107;98;84;48;2;28;26;23m│[0;48;2;28;26;23m [0m
[0;48;2;28;26;23m [0;38;2;107;98;84;48;2;28;26;23m╰────────────────────────────────────────────────────────────────────────────╯[0;48;2;28;26;23m [0m
[0;48;2;28;26;23m [0;38;2;58;53;45;48;2;28;26;23m╭─[0;1;38;2;185;174;151;48;2;28;26;23m DOCTOR [0;38;2;58;53;45;48;2;28;26;23m─────────────────────────────────────[0;38;2;126;117;100;48;2;28;26;23m 2 warnings · r runs it again [0;38;2;58;53;45;48;2;28;26;23m╮[0;48;2;28;26;23m [0m
[0;48;2;28;26;23m [0;38;2;58;53;45;48;2;28;26;23m│[0;48;2;28;26;23m  [0;1;38;2;61;220;116;48;2;28;26;23m✓[0;48;2;28;26;23m [0;38;2;236;227;207;48;2;28;26;23mbinary[0;48;2;28;26;23m        [0;38;2;185;174;151;48;2;28;26;23m/Applications/EQ.app/Contents/MacOS/eq[0;48;2;28;26;23m                    [0;38;2;58;53;45;48;2;28;26;23m│[0;48;2;28;26;23m [0m
[0;48;2;28;26;23m [0;38;2;58;53;45;48;2;28;26;23m│[0;48;2;28;26;23m  [0;1;38;2;245;198;71;48;2;28;26;23m![0;48;2;28;26;23m [0;38;2;236;227;207;48;2;28;26;23maudio[0;48;2;28;26;23m         [0;38;2;185;174;151;48;2;28;26;23mcallbacks 1204 → 1290 (daemon v2026.09.29.5, this eq v20…[0;48;2;28;26;23m [0;38;2;58;53;45;48;2;28;26;23m│[0;48;2;28;26;23m [0m
[0;48;2;28;26;23m [0;38;2;58;53;45;48;2;28;26;23m│[0;48;2;28;26;23m  [0;1;38;2;61;220;116;48;2;28;26;23m✓[0;48;2;28;26;23m [0;38;2;236;227;207;48;2;28;26;23mengine[0;48;2;28;26;23m        [0;38;2;185;174;151;48;2;28;26;23mrunning[0;48;2;28;26;23m                                                   [0;38;2;58;53;45;48;2;28;26;23m│[0;48;2;28;26;23m [0m
[0;48;2;28;26;23m [0;38;2;58;53;45;48;2;28;26;23m│[0;48;2;28;26;23m  [0;1;38;2;61;220;116;48;2;28;26;23m✓[0;48;2;28;26;23m [0;38;2;236;227;207;48;2;28;26;23mtap[0;48;2;28;26;23m           [0;38;2;185;174;151;48;2;28;26;23maudio arriving[0;48;2;28;26;23m                                            [0;38;2;58;53;45;48;2;28;26;23m│[0;48;2;28;26;23m [0m
[0;48;2;28;26;23m [0;38;2;58;53;45;48;2;28;26;23m│[0;1;38;2;240;162;74;48;2;58;50;38m▸[0;48;2;58;50;38m [0;1;38;2;245;198;71;48;2;58;50;38m![0;48;2;58;50;38m [0;1;38;2;244;236;216;48;2;58;50;38mring[0;48;2;58;50;38m          [0;38;2;185;174;151;48;2;58;50;38m3 underruns, 1 overrun — the tap and the output slipped,…[0;48;2;58;50;38m [0;38;2;58;53;45;48;2;28;26;23m│[0;48;2;28;26;23m [0m
[0;48;2;28;26;23m [0;38;2;58;53;45;48;2;28;26;23m├────────────────────────────────────────────────────────────────────────────┤[0;48;2;28;26;23m [0m
[0;48;2;28;26;23m [0;38;2;58;53;45;48;2;28;26;23m│[0;48;2;28;26;23m  [0;38;2;245;198;71;48;2;28;26;23mring — 3 underruns, 1 overrun — the tap and the output slipped, audio[0;48;2;28;26;23m     [0;38;2;58;53;45;48;2;28;26;23m│[0;48;2;28;26;23m [0m
[0;48;2;28;26;23m [0;38;2;58;53;45;48;2;28;26;23m│[0;48;2;28;26;23m  [0;38;2;185;174;151;48;2;28;26;23mhad gaps; the daemon rebuilds the engine if it keeps happening[0;48;2;28;26;23m            [0;38;2;58;53;45;48;2;28;26;23m│[0;48;2;28;26;23m [0m
[0;48;2;28;26;23m [0;38;2;58;53;45;48;2;28;26;23m│[0;48;2;28;26;23m                                                                            [0;38;2;58;53;45;48;2;28;26;23m│[0;48;2;28;26;23m [0m
[0;48;2;28;26;23m [0;38;2;58;53;45;48;2;28;26;23m╰────────────────────────────────────────────────────────────────────────────╯[0;48;2;28;26;23m [0m
[0;48;2;28;26;23m                                                                                [0m
[0;1;38;2;244;236;216;48;2;52;48;42m ↑↓ [0;38;2;126;117;100;48;2;28;26;23m move  [0;1;38;2;244;236;216;48;2;52;48;42m r [0;38;2;126;117;100;48;2;28;26;23m refresh  [0;1;38;2;244;236;216;48;2;52;48;42m o [0;38;2;126;117;100;48;2;28;26;23m mode → driver  [0;1;38;2;244;236;216;48;2;52;48;42m / [0;38;2;126;117;100;48;2;28;26;23m search  [0;1;38;2;244;236;216;48;2;52;48;42m ? [0;38;2;126;117;100;48;2;28;26;23m keys  [0;1;38;2;244;236;216;48;2;52;48;42m q [0;38;2;126;117;100;48;2;28;26;23m quit[0;48;2;28;26;23m       [0m
