[0;38;2;88;84;76;48;2;23;22;19m [0;38;2;53;49;42;48;2;23;22;19mDEVICE [0;38;2;90;87;79;48;2;23;22;19mBE-RCA[0;38;2;88;84;76;48;2;23;22;19m   [0;38;2;53;49;42;48;2;23;22;19mRATE [0;38;2;88;84;76;48;2;23;22;19m44.1k   [0;38;2;53;49;42;48;2;23;22;19mPRESET [0;38;2;90;87;79;48;2;23;22;19mfavourite*[0;38;2;88;84;76;48;2;23;22;19m   [0;38;2;53;49;42;48;2;23;22;19mFOCUS [0;38;2;47;70;92;48;2;23;22;19mVOICE[0;38;2;88;84;76;48;2;23;22;19m   [0;38;2;53;49;42;48;2;23;22;19mVOICE [0;38;2;55;83;63;48;2;23;22;19m+3.0[0;38;2;88;84;76;48;2;23;22;19m                   [0;38;2;31;23;20;48;2;23;22;19m●[0;38;2;88;84;76;48;2;23;22;19m [0;38;2;53;49;42;48;2;23;22;19mSOLO[0;38;2;88;84;76;48;2;23;22;19m  [0;38;2;31;23;20;48;2;23;22;19m●[0;38;2;88;84;76;48;2;23;22;19m [0;38;2;53;49;42;48;2;23;22;19mBYPASS[0;38;2;88;84;76;48;2;23;22;19m  [0;38;2;31;23;20;48;2;23;22;19m●[0;38;2;88;84;76;48;2;23;22;19m [0;38;2;53;49;42;48;2;23;22;19mLIMIT[0;38;2;88;84;76;48;2;23;22;19m  [0m
[0;38;2;88;84;76;48;2;21;20;18m                   [0;38;2;37;51;65;48;2;21;20;18m┌────────────┐[0;38;2;88;84;76;48;2;21;20;18m [0;38;2;37;51;65;48;2;21;20;18m┌───[0;38;2;88;84;76;48;2;21;20;18m [0;38;2;37;51;65;48;2;21;20;18mF1[0;38;2;88;84;76;48;2;21;20;18m [0;38;2;37;51;65;48;2;21;20;18m────┐[0;38;2;88;84;76;48;2;21;20;18m [0;38;2;37;51;65;48;2;21;20;18m┌──[0;38;2;88;84;76;48;2;21;20;18m [0;38;2;37;51;65;48;2;21;20;18mF2[0;38;2;88;84;76;48;2;21;20;18m [0;38;2;37;51;65;48;2;21;20;18m──┐[0;38;2;88;84;76;48;2;21;20;18m [0;38;2;47;70;92;48;2;21;20;18m┌──────┐[0;38;2;88;84;76;48;2;21;20;18m [0;38;2;37;51;65;48;2;21;20;18m┌────┐[0;38;2;88;84;76;48;2;21;20;18m                [0;38;2;31;29;25;48;2;21;20;18m╭─[0;38;2;71;67;59;48;2;21;20;18m MASTER [0;38;2;31;29;25;48;2;21;20;18m──────────────────╮[0;38;2;88;84;76;48;2;21;20;18m [0m
[0;38;2;88;84;76;48;2;21;20;18m     [0;38;2;26;23;19;48;2;50;47;42m 32 Hz [0;38;2;16;15;13;48;2;21;20;18m│[0;38;2;26;23;19;48;2;86;81;71m 64 Hz [0;38;2;16;15;13;48;2;21;20;18m│[0;38;2;26;23;19;48;2;86;81;71m 125 Hz[0;38;2;16;15;13;48;2;21;20;18m│[0;38;2;26;23;19;48;2;86;81;71m 250 Hz[0;38;2;16;15;13;48;2;21;20;18m│[0;38;2;26;23;19;48;2;86;81;71m 500 Hz[0;38;2;16;15;13;48;2;21;20;18m│[0;38;2;26;23;19;48;2;86;81;71m 1k Hz [0;38;2;16;15;13;48;2;21;20;18m│[0;38;2;26;23;19;48;2;86;81;71m 2k Hz [0;38;2;16;15;13;48;2;21;20;18m│[0;38;2;26;23;19;48;2;86;81;71m 4k Hz [0;38;2;16;15;13;48;2;21;20;18m│[0;38;2;26;23;19;48;2;86;81;71m 8k Hz [0;38;2;16;15;13;48;2;21;20;18m│[0;38;2;26;23;19;48;2;50;47;42m 16k Hz[0;38;2;16;15;13;48;2;21;20;18m│[0;38;2;88;84;76;48;2;21;20;18m     [0;38;2;31;29;25;48;2;21;20;18m│[0;38;2;88;84;76;48;2;21;20;18m                           [0;38;2;31;29;25;48;2;21;20;18m│[0;38;2;88;84;76;48;2;21;20;18m [0m
[0;38;2;88;84;76;48;2;21;20;18m [0;38;2;53;49;42;48;2;21;20;18m  0[0;38;2;88;84;76;48;2;21;20;18m   [0;38;2;31;18;16;48;2;21;20;18m▆▆▆[0;38;2;88;84;76;48;2;21;20;18m  [0;38;2;16;15;13;48;2;21;20;18m│[0;38;2;88;84;76;48;2;21;20;18m  [0;38;2;94;36;30;48;2;21;20;18m▆▆▆[0;38;2;88;84;76;48;2;21;20;18m  [0;38;2;16;15;13;48;2;21;20;18m│[0;38;2;88;84;76;48;2;21;20;18m  [0;38;2;31;18;16;48;2;21;20;18m▆▆▆[0;38;2;88;84;76;48;2;21;20;18m  [0;38;2;16;15;13;48;2;21;20;18m│[0;38;2;88;84;76;48;2;21;20;18m  [0;38;2;31;18;16;48;2;21;20;18m▆▆▆[0;38;2;88;84;76;48;2;21;20;18m  [0;38;2;16;15;13;48;2;21;20;18m│[0;38;2;88;84;76;48;2;21;20;18m  [0;38;2;31;18;16;48;2;21;20;18m▆▆▆[0;38;2;88;84;76;48;2;21;20;18m  [0;38;2;16;15;13;48;2;21;20;18m│[0;38;2;88;84;76;48;2;21;20;18m  [0;38;2;31;18;16;48;2;21;20;18m▆▆▆[0;38;2;88;84;76;48;2;21;20;18m  [0;38;2;16;15;13;48;2;21;20;18m│[0;38;2;88;84;76;48;2;21;20;18m  [0;38;2;31;18;16;48;2;21;20;18m▆▆▆[0;38;2;88;84;76;48;2;21;20;18m  [0;38;2;16;15;13;48;2;21;20;18m│[0;38;2;88;84;76;48;2;21;20;18m  [0;38;2;31;18;16;48;2;21;20;18m▆▆▆[0;38;2;88;84;76;48;2;21;20;18m  [0;38;2;16;15;13;48;2;21;20;18m│[0;38;2;88;84;76;48;2;21;20;18m  [0;38;2;31;18;16;48;2;21;20;18m▆▆▆[0;38;2;88;84;76;48;2;21;20;18m  [0;38;2;16;15;13;48;2;21;20;18m│[0;38;2;88;84;76;48;2;21;20;18m  [0;38;2;31;18;16;48;2;21;20;18m▆▆▆[0;38;2;88;84;76;48;2;21;20;18m  [0;38;2;16;15;13;48;2;21;20;18m│[0;38;2;88;84;76;48;2;21;20;18m     [0;38;2;31;29;25;48;2;21;20;18m│[0;38;2;88;84;76;48;2;21;20;18m [0;38;2;88;84;76;48;2;16;26;42m [0;38;2;58;79;92;48;2;16;26;42m20[0;38;2;88;84;76;48;2;16;26;42m  [0;38;2;58;79;92;48;2;16;26;42m10[0;38;2;88;84;76;48;2;16;26;42m   [0;38;2;58;79;92;48;2;16;26;42m6[0;38;2;88;84;76;48;2;16;26;42m   [0;38;2;58;79;92;48;2;16;26;42m3[0;38;2;88;84;76;48;2;16;26;42m    [0;38;2;58;79;92;48;2;16;26;42m1[0;38;2;88;84;76;48;2;16;26;42m   [0;38;2;58;79;92;48;2;16;26;42m0[0;38;2;88;84;76;48;2;16;26;42m [0;38;2;88;84;76;48;2;21;20;18m [0;38;2;31;29;25;48;2;21;20;18m│[0;38;2;88;84;76;48;2;21;20;18m [0m
[0;38;2;88;84;76;48;2;21;20;18m [0;38;2;53;49;42;48;2;21;20;18m -6[0;38;2;88;84;76;48;2;21;20;18m   [0;38;2;50;26;23;48;2;21;20;18m▆▆▆[0;38;2;88;84;76;48;2;21;20;18m  [0;38;2;16;15;13;48;2;21;20;18m│[0;38;2;88;84;76;48;2;21;20;18m  [0;38;2;31;18;16;48;2;21;20;18m▆▆▆[0;38;2;88;84;76;48;2;21;20;18m  [0;38;2;16;15;13;48;2;21;20;18m│[0;38;2;88;84;76;48;2;21;20;18m  [0;38;2;31;18;16;48;2;21;20;18m▆▆▆[0;38;2;88;84;76;48;2;21;20;18m  [0;38;2;16;15;13;48;2;21;20;18m│[0;38;2;88;84;76;48;2;21;20;18m  [0;38;2;31;18;16;48;2;21;20;18m▆▆▆[0;38;2;88;84;76;48;2;21;20;18m  [0;38;2;16;15;13;48;2;21;20;18m│[0;38;2;88;84;76;48;2;21;20;18m  [0;38;2;31;18;16;48;2;21;20;18m▆▆▆[0;38;2;88;84;76;48;2;21;20;18m  [0;38;2;16;15;13;48;2;21;20;18m│[0;38;2;88;84;76;48;2;21;20;18m  [0;38;2;31;18;16;48;2;21;20;18m▆▆▆[0;38;2;88;84;76;48;2;21;20;18m  [0;38;2;16;15;13;48;2;21;20;18m│[0;38;2;88;84;76;48;2;21;20;18m  [0;38;2;31;18;16;48;2;21;20;18m▆▆▆[0;38;2;88;84;76;48;2;21;20;18m  [0;38;2;16;15;13;48;2;21;20;18m│[0;38;2;88;84;76;48;2;21;20;18m  [0;38;2;31;18;16;48;2;21;20;18m▆▆▆[0;38;2;88;84;76;48;2;21;20;18m  [0;38;2;16;15;13;48;2;21;20;18m│[0;38;2;88;84;76;48;2;21;20;18m  [0;38;2;31;18;16;48;2;21;20;18m▆▆▆[0;38;2;88;84;76;48;2;21;20;18m  [0;38;2;16;15;13;48;2;21;20;18m│[0;38;2;88;84;76;48;2;21;20;18m  [0;38;2;31;18;16;48;2;21;20;18m▆▆▆[0;38;2;88;84;76;48;2;21;20;18m  [0;38;2;16;15;13;48;2;21;20;18m│[0;38;2;88;84;76;48;2;21;20;18m     [0;38;2;31;29;25;48;2;21;20;18m│[0;38;2;88;84;76;48;2;21;20;18m [0;38;2;88;84;76;48;2;16;26;42m [0;38;2;58;79;92;48;2;16;26;42m╷┈┈┈┈┈┈┈┈┈┈┈┈┈┈┈┈┈[0;38;2;93;91;87;48;2;16;26;42m┃[0;38;2;58;79;92;48;2;16;26;42m┈┈┈╷[0;38;2;88;84;76;48;2;16;26;42m [0;38;2;88;84;76;48;2;21;20;18m [0;38;2;31;29;25;48;2;21;20;18m│[0;38;2;88;84;76;48;2;21;20;18m [0m
[0;38;2;88;84;76;48;2;21;20;18m       [0;38;2;29;27;15;48;2;21;20;18m▆▆▆[0;38;2;88;84;76;48;2;21;20;18m  [0;38;2;16;15;13;48;2;21;20;18m│[0;38;2;88;84;76;48;2;21;20;18m  [0;38;2;91;80;33;48;2;21;20;18m▆▆▆[0;38;2;88;84;76;48;2;21;20;18m  [0;38;2;16;15;13;48;2;21;20;18m│[0;38;2;88;84;76;48;2;21;20;18m  [0;38;2;91;80;33;48;2;21;20;18m▆▆▆[0;38;2;88;84;76;48;2;21;20;18m  [0;38;2;16;15;13;48;2;21;20;18m│[0;38;2;88;84;76;48;2;21;20;18m  [0;38;2;29;27;15;48;2;21;20;18m▆▆▆[0;38;2;88;84;76;48;2;21;20;18m  [0;38;2;16;15;13;48;2;21;20;18m│[0;38;2;88;84;76;48;2;21;20;18m  [0;38;2;29;27;15;48;2;21;20;18m▆▆▆[0;38;2;88;84;76;48;2;21;20;18m  [0;38;2;16;15;13;48;2;21;20;18m│[0;38;2;88;84;76;48;2;21;20;18m  [0;38;2;29;27;15;48;2;21;20;18m▆▆▆[0;38;2;88;84;76;48;2;21;20;18m  [0;38;2;16;15;13;48;2;21;20;18m│[0;38;2;88;84;76;48;2;21;20;18m  [0;38;2;29;27;15;48;2;21;20;18m▆▆▆[0;38;2;88;84;76;48;2;21;20;18m  [0;38;2;16;15;13;48;2;21;20;18m│[0;38;2;88;84;76;48;2;21;20;18m  [0;38;2;29;27;15;48;2;21;20;18m▆▆▆[0;38;2;88;84;76;48;2;21;20;18m  [0;38;2;16;15;13;48;2;21;20;18m│[0;38;2;88;84;76;48;2;21;20;18m  [0;38;2;29;27;15;48;2;21;20;18m▆▆▆[0;38;2;88;84;76;48;2;21;20;18m  [0;38;2;16;15;13;48;2;21;20;18m│[0;38;2;88;84;76;48;2;21;20;18m  [0;38;2;29;27;15;48;2;21;20;18m▆▆▆[0;38;2;88;84;76;48;2;21;20;18m  [0;38;2;16;15;13;48;2;21;20;18m│[0;38;2;88;84;76;48;2;21;20;18m     [0;38;2;31;29;25;48;2;21;20;18m│[0;38;2;88;84;76;48;2;21;20;18m [0;38;2;88;84;76;48;2;16;26;42m                   [0;38;2;93;91;87;48;2;16;26;42m┃[0;38;2;88;84;76;48;2;16;26;42m     [0;38;2;88;84;76;48;2;21;20;18m [0;38;2;31;29;25;48;2;21;20;18m│[0;38;2;88;84;76;48;2;21;20;18m [0m
[0;38;2;88;84;76;48;2;21;20;18m       [0;38;2;49;44;24;48;2;21;20;18m▆▆▆[0;38;2;88;84;76;48;2;21;20;18m  [0;38;2;16;15;13;48;2;21;20;18m│[0;38;2;88;84;76;48;2;21;20;18m  [0;38;2;91;80;33;48;2;21;20;18m▆▆▆[0;38;2;88;84;76;48;2;21;20;18m  [0;38;2;16;15;13;48;2;21;20;18m│[0;38;2;88;84;76;48;2;21;20;18m  [0;38;2;91;80;33;48;2;21;20;18m▆▆▆[0;38;2;88;84;76;48;2;21;20;18m  [0;38;2;16;15;13;48;2;21;20;18m│[0;38;2;88;84;76;48;2;21;20;18m  [0;38;2;91;80;33;48;2;21;20;18m▆▆▆[0;38;2;88;84;76;48;2;21;20;18m  [0;38;2;16;15;13;48;2;21;20;18m│[0;38;2;88;84;76;48;2;21;20;18m  [0;38;2;29;27;15;48;2;21;20;18m▆▆▆[0;38;2;88;84;76;48;2;21;20;18m  [0;38;2;16;15;13;48;2;21;20;18m│[0;38;2;88;84;76;48;2;21;20;18m  [0;38;2;29;27;15;48;2;21;20;18m▆▆▆[0;38;2;88;84;76;48;2;21;20;18m  [0;38;2;16;15;13;48;2;21;20;18m│[0;38;2;88;84;76;48;2;21;20;18m  [0;38;2;29;27;15;48;2;21;20;18m▆▆▆[0;38;2;88;84;76;48;2;21;20;18m  [0;38;2;16;15;13;48;2;21;20;18m│[0;38;2;88;84;76;48;2;21;20;18m  [0;38;2;29;27;15;48;2;21;20;18m▆▆▆[0;38;2;88;84;76;48;2;21;20;18m  [0;38;2;16;15;13;48;2;21;20;18m│[0;38;2;88;84;76;48;2;21;20;18m  [0;38;2;29;27;15;48;2;21;20;18m▆▆▆[0;38;2;88;84;76;48;2;21;20;18m  [0;38;2;16;15;13;48;2;21;20;18m│[0;38;2;88;84;76;48;2;21;20;18m  [0;38;2;29;27;15;48;2;21;20;18m▆▆▆[0;38;2;88;84;76;48;2;21;20;18m  [0;38;2;16;15;13;48;2;21;20;18m│[0;38;2;88;84;76;48;2;21;20;18m     [0;38;2;31;29;25;48;2;21;20;18m│[0;38;2;88;84;76;48;2;21;20;18m [0;38;2;88;84;76;48;2;16;26;42m [0;38;2;58;79;92;48;2;16;26;42mGR[0;38;2;88;84;76;48;2;16;26;42m                [0;38;2;93;91;87;48;2;16;26;42m -2.1[0;38;2;88;84;76;48;2;16;26;42m [0;38;2;88;84;76;48;2;21;20;18m [0;38;2;31;29;25;48;2;21;20;18m│[0;38;2;88;84;76;48;2;21;20;18m [0m
[0;38;2;88;84;76;48;2;21;20;18m [0;38;2;107;98;84;48;2;28;26;23m╭─[0;1;38;2;244;236;216;48;2;28;26;23m instruments [0;38;2;107;98;84;48;2;28;26;23m───────────────────────────────────────────────────────────────────────────[0;38;2;126;117;100;48;2;28;26;23m 8 instruments · 17 ranges [0;38;2;107;98;84;48;2;28;26;23m╮[0;38;2;88;84;76;48;2;21;20;18m [0m
[0;38;2;88;84;76;48;2;21;20;18m [0;38;2;107;98;84;48;2;28;26;23m│[0;48;2;28;26;23m     [0;38;2;126;117;100;48;2;28;26;23minstrument[0;48;2;28;26;23m           [0;38;2;126;117;100;48;2;28;26;23m knob[0;48;2;28;26;23m   [0;38;2;126;117;100;48;2;28;26;23mrange[0;48;2;28;26;23m         [0;38;2;126;117;100;48;2;28;26;23mHz[0;48;2;28;26;23m            [0;38;2;126;117;100;48;2;28;26;23m32[0;48;2;28;26;23m       [0;38;2;126;117;100;48;2;28;26;23m250[0;48;2;28;26;23m     [0;38;2;126;117;100;48;2;28;26;23m2k[0;48;2;28;26;23m       [0;38;2;126;117;100;48;2;28;26;23m16k[0;48;2;28;26;23m  [0;38;2;126;117;100;48;2;28;26;23mbands[0;48;2;28;26;23m                  [0;38;2;107;98;84;48;2;28;26;23m│[0;38;2;88;84;76;48;2;21;20;18m [0m
[0;38;2;88;84;76;48;2;21;20;18m [0;38;2;107;98;84;48;2;28;26;23m│[0;48;2;28;26;23m   [0;38;2;255;122;89;48;2;28;26;23m●[0;48;2;28;26;23m [0;38;2;236;227;207;48;2;28;26;23mkick[0;48;2;28;26;23m     [0;38;2;42;38;33;48;2;28;26;23m┄┄┄┄┄[0;38;2;107;98;84;48;2;28;26;23m┼[0;38;2;42;38;33;48;2;28;26;23m┄┄┄┄┄[0;48;2;28;26;23m [0;38;2;126;117;100;48;2;28;26;23m +0.0[0;48;2;28;26;23m [0;38;2;255;122;89;48;2;28;26;23m◆[0;48;2;28;26;23m [0;1;38;2;236;227;207;48;2;28;26;23mthump[0;48;2;28;26;23m         [0;38;2;185;174;151;48;2;28;26;23m50–100[0;48;2;28;26;23m       [0;38;2;42;38;33;48;2;28;26;23m┈┈[0;38;2;58;53;45;48;2;28;26;23m┊[0;38;2;42;38;33;48;2;28;26;23m┈[0;38;2;255;122;89;48;2;28;26;23m━━━━[0;38;2;42;38;33;48;2;28;26;23m┈┈┈[0;38;2;58;53;45;48;2;28;26;23m┊[0;38;2;42;38;33;48;2;28;26;23m┈┈┈┈┈┈┈[0;38;2;58;53;45;48;2;28;26;23m┊[0;38;2;42;38;33;48;2;28;26;23m┈┈┈┈┈┈┈┈[0;38;2;58;53;45;48;2;28;26;23m┊[0;38;2;42;38;33;48;2;28;26;23m┈[0;48;2;28;26;23m  [0;38;2;126;117;100;48;2;28;26;23m64 125[0;48;2;28;26;23m                 [0;38;2;107;98;84;48;2;28;26;23m│[0;38;2;88;84;76;48;2;21;20;18m [0m
[0;38;2;88;84;76;48;2;21;20;18m [0;38;2;107;98;84;48;2;28;26;23m│[0;48;2;28;26;23m                                [0;38;2;255;122;89;48;2;28;26;23m [0;48;2;28;26;23m [0;38;2;185;174;151;48;2;28;26;23mbeater click[0;48;2;28;26;23m  [0;38;2;185;174;151;48;2;28;26;23m2k–5k[0;48;2;28;26;23m        [0;38;2;42;38;33;48;2;28;26;23m┈┈[0;38;2;58;53;45;48;2;28;26;23m┊[0;38;2;42;38;33;48;2;28;26;23m┈┈┈┈┈┈┈┈[0;38;2;58;53;45;48;2;28;26;23m┊[0;38;2;42;38;33;48;2;28;26;23m┈┈┈┈┈┈┈[0;38;2;148;75;56;48;2;28;26;23m━━━━━[0;38;2;42;38;33;48;2;28;26;23m┈┈┈┈[0;38;2;58;53;45;48;2;28;26;23m┊[0;38;2;42;38;33;48;2;28;26;23m┈[0;48;2;28;26;23m  [0;38;2;126;117;100;48;2;28;26;23m2k 4k[0;48;2;28;26;23m                  [0;38;2;107;98;84;48;2;28;26;23m│[0;38;2;88;84;76;48;2;21;20;18m [0m
[0;38;2;88;84;76;48;2;21;20;18m [0;38;2;107;98;84;48;2;28;26;23m│[0;48;2;28;26;23m   [0;38;2;255;174;87;48;2;28;26;23m●[0;48;2;28;26;23m [0;38;2;236;227;207;48;2;28;26;23mbass[0;48;2;28;26;23m     [0;38;2;42;38;33;48;2;28;26;23m┄┄┄┄┄[0;38;2;107;98;84;48;2;28;26;23m┼[0;38;2;42;38;33;48;2;28;26;23m┄┄┄┄┄[0;48;2;28;26;23m [0;38;2;126;117;100;48;2;28;26;23m +0.0[0;48;2;28;26;23m [0;38;2;255;174;87;48;2;28;26;23m [0;48;2;28;26;23m [0;38;2;185;174;151;48;2;28;26;23mfundamental[0;48;2;28;26;23m   [0;38;2;185;174;151;48;2;28;26;23m40–250[0;48;2;28;26;23m       [0;38;2;42;38;33;48;2;28;26;23m┈┈[0;38;2;58;53;45;48;2;28;26;23m┊[0;38;2;148;103;55;48;2;28;26;23m━━━━━━━━━[0;38;2;42;38;33;48;2;28;26;23m┈┈┈┈┈┈┈[0;38;2;58;53;45;48;2;28;26;23m┊[0;38;2;42;38;33;48;2;28;26;23m┈┈┈┈┈┈┈┈[0;38;2;58;53;45;48;2;28;26;23m┊[0;38;2;42;38;33;48;2;28;26;23m┈[0;48;2;28;26;23m  [0;38;2;126;117;100;48;2;28;26;23m32 64 125 250[0;48;2;28;26;23m          [0;38;2;107;98;84;48;2;28;26;23m│[0;38;2;88;84;76;48;2;21;20;18m [0m
[0;38;2;88;84;76;48;2;21;20;18m [0;38;2;107;98;84;48;2;28;26;23m│[0;48;2;28;26;23m                                [0;38;2;255;174;87;48;2;28;26;23m◆[0;48;2;28;26;23m [0;1;38;2;236;227;207;48;2;28;26;23mgrowl/attack[0;48;2;28;26;23m  [0;38;2;185;174;151;48;2;28;26;23m700–1.2k[0;48;2;28;26;23m     [0;38;2;42;38;33;48;2;28;26;23m┈┈[0;38;2;58;53;45;48;2;28;26;23m┊[0;38;2;42;38;33;48;2;28;26;23m┈┈┈┈┈┈┈┈[0;38;2;58;53;45;48;2;28;26;23m┊[0;38;2;42;38;33;48;2;28;26;23m┈┈┈[0;38;2;255;174;87;48;2;28;26;23m━━━[0;38;2;42;38;33;48;2;28;26;23m┈[0;38;2;58;53;45;48;2;28;26;23m┊[0;38;2;42;38;33;48;2;28;26;23m┈┈┈┈┈┈┈┈[0;38;2;58;53;45;48;2;28;26;23m┊[0;38;2;42;38;33;48;2;28;26;23m┈[0;48;2;28;26;23m  [0;38;2;126;117;100;48;2;28;26;23m500 1k[0;48;2;28;26;23m                 [0;38;2;107;98;84;48;2;28;26;23m│[0;38;2;88;84;76;48;2;21;20;18m [0m
[0;38;2;88;84;76;48;2;21;20;18m [0;38;2;107;98;84;48;2;28;26;23m│[0;48;2;28;26;23m   [0;38;2;255;217;102;48;2;28;26;23m●[0;48;2;28;26;23m [0;38;2;236;227;207;48;2;28;26;23msnare[0;48;2;28;26;23m    [0;38;2;42;38;33;48;2;28;26;23m┄┄┄┄┄[0;38;2;107;98;84;48;2;28;26;23m┼[0;38;2;42;38;33;48;2;28;26;23m┄┄┄┄┄[0;48;2;28;26;23m [0;38;2;126;117;100;48;2;28;26;23m +0.0[0;48;2;28;26;23m [0;38;2;255;217;102;48;2;28;26;23m [0;48;2;28;26;23m [0;38;2;185;174;151;48;2;28;26;23mbody[0;48;2;28;26;23m          [0;38;2;185;174;151;48;2;28;26;23m150–250[0;48;2;28;26;23m      [0;38;2;42;38;33;48;2;28;26;23m┈┈[0;38;2;58;53;45;48;2;28;26;23m┊[0;38;2;42;38;33;48;2;28;26;23m┈┈┈┈┈[0;38;2;148;127;63;48;2;28;26;23m━━━━[0;38;2;42;38;33;48;2;28;26;23m┈┈┈┈┈┈┈[0;38;2;58;53;45;48;2;28;26;23m┊[0;38;2;42;38;33;48;2;28;26;23m┈┈┈┈┈┈┈┈[0;38;2;58;53;45;48;2;28;26;23m┊[0;38;2;42;38;33;48;2;28;26;23m┈[0;48;2;28;26;23m  [0;38;2;126;117;100;48;2;28;26;23m125 250[0;48;2;28;26;23m                [0;38;2;107;98;84;48;2;28;26;23m│[0;38;2;88;84;76;48;2;21;20;18m [0m
[0;38;2;88;84;76;48;2;21;20;18m [0;38;2;107;98;84;48;2;28;26;23m│[0;48;2;28;26;23m                                [0;38;2;255;217;102;48;2;28;26;23m◆[0;48;2;28;26;23m [0;1;38;2;236;227;207;48;2;28;26;23mcrack[0;48;2;28;26;23m         [0;38;2;185;174;151;48;2;28;26;23m4k–6k[0;48;2;28;26;23m        [0;38;2;42;38;33;48;2;28;26;23m┈┈[0;38;2;58;53;45;48;2;28;26;23m┊[0;38;2;42;38;33;48;2;28;26;23m┈┈┈┈┈┈┈┈[0;38;2;58;53;45;48;2;28;26;23m┊[0;38;2;42;38;33;48;2;28;26;23m┈┈┈┈┈┈┈[0;38;2;58;53;45;48;2;28;26;23m┊[0;38;2;42;38;33;48;2;28;26;23m┈┈[0;38;2;255;217;102;48;2;28;26;23m━━━[0;38;2;42;38;33;48;2;28;26;23m┈┈┈[0;38;2;58;53;45;48;2;28;26;23m┊[0;38;2;42;38;33;48;2;28;26;23m┈[0;48;2;28;26;23m  [0;38;2;126;117;100;48;2;28;26;23m4k 8k[0;48;2;28;26;23m                  [0;38;2;107;98;84;48;2;28;26;23m│[0;38;2;88;84;76;48;2;21;20;18m [0m
[0;38;2;88;84;76;48;2;21;20;18m [0;38;2;107;98;84;48;2;28;26;23m│[0;48;2;28;26;23m   [0;38;2;181;227;107;48;2;28;26;23m●[0;48;2;28;26;23m [0;38;2;236;227;207;48;2;28;26;23mguitar[0;48;2;28;26;23m   [0;38;2;42;38;33;48;2;28;26;23m┄┄┄┄┄[0;38;2;107;98;84;48;2;28;26;23m┼[0;38;2;42;38;33;48;2;28;26;23m┄┄┄┄┄[0;48;2;28;26;23m [0;38;2;126;117;100;48;2;28;26;23m +0.0[0;48;2;28;26;23m [0;38;2;181;227;107;48;2;28;26;23m [0;48;2;28;26;23m [0;38;2;185;174;151;48;2;28;26;23mbody[0;48;2;28;26;23m          [0;38;2;185;174;151;48;2;28;26;23m80–1.2k[0;48;2;28;26;23m      [0;38;2;42;38;33;48;2;28;26;23m┈┈[0;38;2;58;53;45;48;2;28;26;23m┊[0;38;2;42;38;33;48;2;28;26;23m┈┈┈[0;38;2;108;133;66;48;2;28;26;23m━━━━━━━━━━━━[0;38;2;42;38;33;48;2;28;26;23m┈[0;38;2;58;53;45;48;2;28;26;23m┊[0;38;2;42;38;33;48;2;28;26;23m┈┈┈┈┈┈┈┈[0;38;2;58;53;45;48;2;28;26;23m┊[0;38;2;42;38;33;48;2;28;26;23m┈[0;48;2;28;26;23m  [0;38;2;126;117;100;48;2;28;26;23m64 … 1k  (5)[0;48;2;28;26;23m           [0;38;2;107;98;84;48;2;28;26;23m│[0;38;2;88;84;76;48;2;21;20;18m [0m
[0;38;2;88;84;76;48;2;21;20;18m [0;38;2;107;98;84;48;2;28;26;23m│[0;48;2;28;26;23m                                [0;38;2;181;227;107;48;2;28;26;23m◆[0;48;2;28;26;23m [0;1;38;2;236;227;207;48;2;28;26;23mbite[0;48;2;28;26;23m          [0;38;2;185;174;151;48;2;28;26;23m2k–5k[0;48;2;28;26;23m        [0;38;2;42;38;33;48;2;28;26;23m┈┈[0;38;2;58;53;45;48;2;28;26;23m┊[0;38;2;42;38;33;48;2;28;26;23m┈┈┈┈┈┈┈┈[0;38;2;58;53;45;48;2;28;26;23m┊[0;38;2;42;38;33;48;2;28;26;23m┈┈┈┈┈┈┈[0;38;2;181;227;107;48;2;28;26;23m━━━━━[0;38;2;42;38;33;48;2;28;26;23m┈┈┈┈[0;38;2;58;53;45;48;2;28;26;23m┊[0;38;2;42;38;33;48;2;28;26;23m┈[0;48;2;28;26;23m  [0;38;2;126;117;100;48;2;28;26;23m2k 4k[0;48;2;28;26;23m                  [0;38;2;107;98;84;48;2;28;26;23m│[0;38;2;88;84;76;48;2;21;20;18m [0m
[0;38;2;88;84;76;48;2;21;20;18m [0;38;2;107;98;84;48;2;28;26;23m│[0;48;2;28;26;23m   [0;38;2;79;214;196;48;2;28;26;23m●[0;48;2;28;26;23m [0;38;2;236;227;207;48;2;28;26;23mpiano[0;48;2;28;26;23m    [0;38;2;42;38;33;48;2;28;26;23m┄┄┄┄┄[0;38;2;107;98;84;48;2;28;26;23m┼[0;38;2;42;38;33;48;2;28;26;23m┄┄┄┄┄[0;48;2;28;26;23m [0;38;2;126;117;100;48;2;28;26;23m +0.0[0;48;2;28;26;23m [0;38;2;79;214;196;48;2;28;26;23m [0;48;2;28;26;23m [0;38;2;185;174;151;48;2;28;26;23mfundamental[0;48;2;28;26;23m   [0;38;2;185;174;151;48;2;28;26;23m27–4.2k[0;48;2;28;26;23m      [0;38;2;42;38;33;48;2;28;26;23m┈[0;38;2;52;125;115;48;2;28;26;23m━━━━━━━━━━━━━━━━━━━━━━[0;38;2;42;38;33;48;2;28;26;23m┈┈┈┈┈[0;38;2;58;53;45;48;2;28;26;23m┊[0;38;2;42;38;33;48;2;28;26;23m┈[0;48;2;28;26;23m  [0;38;2;126;117;100;48;2;28;26;23m32 … 4k  (8)[0;48;2;28;26;23m           [0;38;2;107;98;84;48;2;28;26;23m│[0;38;2;88;84;76;48;2;21;20;18m [0m
[0;38;2;88;84;76;48;2;21;20;18m [0;38;2;107;98;84;48;2;28;26;23m│[0;48;2;28;26;23m                                [0;38;2;79;214;196;48;2;28;26;23m◆[0;48;2;28;26;23m [0;1;38;2;236;227;207;48;2;28;26;23mbrightness[0;48;2;28;26;23m    [0;38;2;185;174;151;48;2;28;26;23m4k–8k[0;48;2;28;26;23m        [0;38;2;42;38;33;48;2;28;26;23m┈┈[0;38;2;58;53;45;48;2;28;26;23m┊[0;38;2;42;38;33;48;2;28;26;23m┈┈┈┈┈┈┈┈[0;38;2;58;53;45;48;2;28;26;23m┊[0;38;2;42;38;33;48;2;28;26;23m┈┈┈┈┈┈┈[0;38;2;58;53;45;48;2;28;26;23m┊[0;38;2;42;38;33;48;2;28;26;23m┈┈[0;38;2;79;214;196;48;2;28;26;23m━━━━[0;38;2;42;38;33;48;2;28;26;23m┈┈[0;38;2;58;53;45;48;2;28;26;23m┊[0;38;2;42;38;33;48;2;28;26;23m┈[0;48;2;28;26;23m  [0;38;2;126;117;100;48;2;28;26;23m4k 8k[0;48;2;28;26;23m                  [0;38;2;107;98;84;48;2;28;26;23m│[0;38;2;88;84;76;48;2;21;20;18m [0m
[0;38;2;88;84;76;48;2;21;20;18m [0;38;2;107;98;84;48;2;28;26;23m│[0;48;2;58;50;38m [0;1;38;2;240;162;74;48;2;58;50;38m▸[0;48;2;58;50;38m [0;38;2;108;182;255;48;2;58;50;38m●[0;48;2;58;50;38m [0;1;38;2;244;236;216;48;2;58;50;38mvoice[0;48;2;58;50;38m    [0;38;2;42;38;33;48;2;58;50;38m┄┄┄┄┄[0;38;2;107;98;84;48;2;58;50;38m┼[0;38;2;134;224;166;48;2;58;50;38m●[0;38;2;42;38;33;48;2;58;50;38m┄┄┄┄[0;48;2;58;50;38m [0;38;2;134;224;166;48;2;58;50;38m +3.0[0;48;2;58;50;38m [0;38;2;108;182;255;48;2;58;50;38m [0;48;2;58;50;38m [0;38;2;185;174;151;48;2;58;50;38mfundamental[0;48;2;58;50;38m   [0;38;2;185;174;151;48;2;58;50;38m85–255[0;48;2;58;50;38m       [0;38;2;42;38;33;48;2;58;50;38m┈┈[0;38;2;58;53;45;48;2;58;50;38m┊[0;38;2;42;38;33;48;2;58;50;38m┈┈┈[0;38;2;108;182;255;48;2;58;50;38m━━━━━━[0;38;2;42;38;33;48;2;58;50;38m┈┈┈┈┈┈┈[0;38;2;58;53;45;48;2;58;50;38m┊[0;38;2;42;38;33;48;2;58;50;38m┈┈┈┈┈┈┈┈[0;38;2;58;53;45;48;2;58;50;38m┊[0;38;2;42;38;33;48;2;58;50;38m┈[0;48;2;58;50;38m  [0;38;2;185;174;151;48;2;58;50;38m64 125 250[0;48;2;58;50;38m             [0;38;2;107;98;84;48;2;28;26;23m│[0;38;2;88;84;76;48;2;21;20;18m [0m
[0;38;2;88;84;76;48;2;21;20;18m [0;38;2;107;98;84;48;2;28;26;23m│[0;48;2;58;50;38m                                [0;38;2;108;182;255;48;2;58;50;38m [0;48;2;58;50;38m [0;38;2;185;174;151;48;2;58;50;38mF1[0;48;2;58;50;38m            [0;38;2;185;174;151;48;2;58;50;38m300–1k[0;48;2;58;50;38m       [0;38;2;42;38;33;48;2;58;50;38m┈┈[0;38;2;58;53;45;48;2;58;50;38m┊[0;38;2;42;38;33;48;2;58;50;38m┈┈┈┈┈┈┈┈[0;38;2;108;182;255;48;2;58;50;38m━━━━━━[0;38;2;42;38;33;48;2;58;50;38m┈┈[0;38;2;58;53;45;48;2;58;50;38m┊[0;38;2;42;38;33;48;2;58;50;38m┈┈┈┈┈┈┈┈[0;38;2;58;53;45;48;2;58;50;38m┊[0;38;2;42;38;33;48;2;58;50;38m┈[0;48;2;58;50;38m  [0;38;2;185;174;151;48;2;58;50;38m250 500 1k[0;48;2;58;50;38m             [0;38;2;107;98;84;48;2;28;26;23m│[0;38;2;88;84;76;48;2;21;20;18m [0m
[0;38;2;88;84;76;48;2;21;20;18m [0;38;2;107;98;84;48;2;28;26;23m│[0;48;2;58;50;38m                                [0;38;2;108;182;255;48;2;58;50;38m [0;48;2;58;50;38m [0;38;2;185;174;151;48;2;58;50;38mF2[0;48;2;58;50;38m            [0;38;2;185;174;151;48;2;58;50;38m900–2.8k[0;48;2;58;50;38m     [0;38;2;42;38;33;48;2;58;50;38m┈┈[0;38;2;58;53;45;48;2;58;50;38m┊[0;38;2;42;38;33;48;2;58;50;38m┈┈┈┈┈┈┈┈[0;38;2;58;53;45;48;2;58;50;38m┊[0;38;2;42;38;33;48;2;58;50;38m┈┈┈┈[0;38;2;108;182;255;48;2;58;50;38m━━━━━━[0;38;2;42;38;33;48;2;58;50;38m┈┈┈┈┈┈[0;38;2;58;53;45;48;2;58;50;38m┊[0;38;2;42;38;33;48;2;58;50;38m┈[0;48;2;58;50;38m  [0;38;2;185;174;151;48;2;58;50;38m1k 2k[0;48;2;58;50;38m                  [0;38;2;107;98;84;48;2;28;26;23m│[0;38;2;88;84;76;48;2;21;20;18m [0m
[0;38;2;88;84;76;48;2;21;20;18m [0;38;2;107;98;84;48;2;28;26;23m│[0;48;2;58;50;38m                                [0;38;2;108;182;255;48;2;58;50;38m◆[0;48;2;58;50;38m [0;1;38;2;236;227;207;48;2;58;50;38mpresence[0;48;2;58;50;38m      [0;38;2;185;174;151;48;2;58;50;38m2k–5k[0;48;2;58;50;38m        [0;38;2;42;38;33;48;2;58;50;38m┈┈[0;38;2;58;53;45;48;2;58;50;38m┊[0;38;2;42;38;33;48;2;58;50;38m┈┈┈┈┈┈┈┈[0;38;2;58;53;45;48;2;58;50;38m┊[0;38;2;42;38;33;48;2;58;50;38m┈┈┈┈┈┈┈[0;38;2;108;182;255;48;2;58;50;38m━━━━━[0;38;2;42;38;33;48;2;58;50;38m┈┈┈┈[0;38;2;58;53;45;48;2;58;50;38m┊[0;38;2;42;38;33;48;2;58;50;38m┈[0;48;2;58;50;38m  [0;38;2;185;174;151;48;2;58;50;38m2k 4k[0;48;2;58;50;38m                  [0;38;2;107;98;84;48;2;28;26;23m│[0;38;2;88;84;76;48;2;21;20;18m [0m
[0;38;2;88;84;76;48;2;21;20;18m [0;38;2;107;98;84;48;2;28;26;23m│[0;48;2;58;50;38m                                [0;38;2;108;182;255;48;2;58;50;38m [0;48;2;58;50;38m [0;38;2;185;174;151;48;2;58;50;38msibilance[0;48;2;58;50;38m     [0;38;2;185;174;151;48;2;58;50;38m5k–9k[0;48;2;58;50;38m        [0;38;2;42;38;33;48;2;58;50;38m┈┈[0;38;2;58;53;45;48;2;58;50;38m┊[0;38;2;42;38;33;48;2;58;50;38m┈┈┈┈┈┈┈┈[0;38;2;58;53;45;48;2;58;50;38m┊[0;38;2;42;38;33;48;2;58;50;38m┈┈┈┈┈┈┈[0;38;2;58;53;45;48;2;58;50;38m┊[0;38;2;42;38;33;48;2;58;50;38m┈┈┈[0;38;2;108;182;255;48;2;58;50;38m━━━━[0;38;2;42;38;33;48;2;58;50;38m┈[0;38;2;58;53;45;48;2;58;50;38m┊[0;38;2;42;38;33;48;2;58;50;38m┈[0;48;2;58;50;38m  [0;38;2;185;174;151;48;2;58;50;38m4k 8k[0;48;2;58;50;38m                  [0;38;2;107;98;84;48;2;28;26;23m│[0;38;2;88;84;76;48;2;21;20;18m [0m
[0;38;2;88;84;76;48;2;21;20;18m [0;38;2;107;98;84;48;2;28;26;23m│[0;48;2;28;26;23m   [0;38;2;185;156;255;48;2;28;26;23m●[0;48;2;28;26;23m [0;38;2;236;227;207;48;2;28;26;23mcymbals[0;48;2;28;26;23m  [0;38;2;42;38;33;48;2;28;26;23m┄┄┄┄┄[0;38;2;107;98;84;48;2;28;26;23m┼[0;38;2;42;38;33;48;2;28;26;23m┄┄┄┄┄[0;48;2;28;26;23m [0;38;2;126;117;100;48;2;28;26;23m +0.0[0;48;2;28;26;23m [0;38;2;185;156;255;48;2;28;26;23m◆[0;48;2;28;26;23m [0;1;38;2;236;227;207;48;2;28;26;23mshimmer[0;48;2;28;26;23m       [0;38;2;185;174;151;48;2;28;26;23m6k–16k[0;48;2;28;26;23m       [0;38;2;42;38;33;48;2;28;26;23m┈┈[0;38;2;58;53;45;48;2;28;26;23m┊[0;38;2;42;38;33;48;2;28;26;23m┈┈┈┈┈┈┈┈[0;38;2;58;53;45;48;2;28;26;23m┊[0;38;2;42;38;33;48;2;28;26;23m┈┈┈┈┈┈┈[0;38;2;58;53;45;48;2;28;26;23m┊[0;38;2;42;38;33;48;2;28;26;23m┈┈┈┈[0;38;2;185;156;255;48;2;28;26;23m━━━━━[0;38;2;42;38;33;48;2;28;26;23m┈[0;48;2;28;26;23m  [0;38;2;126;117;100;48;2;28;26;23m8k 16k[0;48;2;28;26;23m                 [0;38;2;107;98;84;48;2;28;26;23m│[0;38;2;88;84;76;48;2;21;20;18m [0m
[0;38;2;88;84;76;48;2;21;20;18m [0;38;2;107;98;84;48;2;28;26;23m│[0;48;2;28;26;23m   [0;38;2;245;144;214;48;2;28;26;23m●[0;48;2;28;26;23m [0;38;2;236;227;207;48;2;28;26;23mair[0;48;2;28;26;23m      [0;38;2;42;38;33;48;2;28;26;23m┄┄┄┄┄[0;38;2;107;98;84;48;2;28;26;23m┼[0;38;2;42;38;33;48;2;28;26;23m┄┄┄┄┄[0;48;2;28;26;23m [0;38;2;126;117;100;48;2;28;26;23m +0.0[0;48;2;28;26;23m [0;38;2;245;144;214;48;2;28;26;23m◆[0;48;2;28;26;23m [0;1;38;2;236;227;207;48;2;28;26;23msparkle[0;48;2;28;26;23m       [0;38;2;185;174;151;48;2;28;26;23m10k–20k[0;48;2;28;26;23m      [0;38;2;42;38;33;48;2;28;26;23m┈┈[0;38;2;58;53;45;48;2;28;26;23m┊[0;38;2;42;38;33;48;2;28;26;23m┈┈┈┈┈┈┈┈[0;38;2;58;53;45;48;2;28;26;23m┊[0;38;2;42;38;33;48;2;28;26;23m┈┈┈┈┈┈┈[0;38;2;58;53;45;48;2;28;26;23m┊[0;38;2;42;38;33;48;2;28;26;23m┈┈┈┈┈┈[0;38;2;245;144;214;48;2;28;26;23m━━━━[0;48;2;28;26;23m  [0;38;2;126;117;100;48;2;28;26;23m8k 16k[0;48;2;28;26;23m                 [0;38;2;107;98;84;48;2;28;26;23m│[0;38;2;88;84;76;48;2;21;20;18m [0m
[0;38;2;88;84;76;48;2;21;20;18m [0;38;2;107;98;84;48;2;28;26;23m╰────────────────────────────────────────────────────────────────────────────────────────────────────────────────────╯[0;38;2;88;84;76;48;2;21;20;18m [0m
[0;38;2;88;84;76;48;2;21;20;18m      [0;38;2;53;49;42;48;2;21;20;18m╶─[0;38;2;55;83;63;48;2;21;20;18m┃[0;38;2;53;49;42;48;2;21;20;18m─╴[0;38;2;88;84;76;48;2;21;20;18m [0;38;2;16;15;13;48;2;21;20;18m│[0;38;2;88;84;76;48;2;21;20;18m [0;38;2;53;49;42;48;2;21;20;18m╶─[0;38;2;55;83;63;48;2;21;20;18m┃[0;38;2;53;49;42;48;2;21;20;18m─╴[0;38;2;88;84;76;48;2;21;20;18m [0;38;2;16;15;13;48;2;21;20;18m│[0;38;2;88;84;76;48;2;21;20;18m [0;38;2;53;49;42;48;2;21;20;18m╶─[0;38;2;55;83;63;48;2;21;20;18m┃[0;38;2;53;49;42;48;2;21;20;18m─╴[0;38;2;88;84;76;48;2;21;20;18m [0;38;2;16;15;13;48;2;21;20;18m│[0;38;2;88;84;76;48;2;21;20;18m [0;38;2;53;49;42;48;2;21;20;18m╶─[0;38;2;55;83;63;48;2;21;20;18m┃[0;38;2;53;49;42;48;2;21;20;18m─╴[0;38;2;88;84;76;48;2;21;20;18m [0;38;2;16;15;13;48;2;21;20;18m│[0;38;2;88;84;76;48;2;21;20;18m [0;38;2;81;78;72;48;2;21;20;18m▐███▌[0;38;2;88;84;76;48;2;21;20;18m [0;38;2;16;15;13;48;2;21;20;18m│[0;38;2;88;84;76;48;2;21;20;18m [0;38;2;53;49;42;48;2;21;20;18m╶─[0;38;2;91;56;73;48;2;21;20;18m┃[0;38;2;53;49;42;48;2;21;20;18m─╴[0;38;2;88;84;76;48;2;21;20;18m [0;38;2;16;15;13;48;2;21;20;18m│[0;38;2;88;84;76;48;2;21;20;18m [0;38;2;81;78;72;48;2;21;20;18m▐███▌[0;38;2;88;84;76;48;2;21;20;18m [0;38;2;16;15;13;48;2;21;20;18m│[0;38;2;88;84;76;48;2;21;20;18m [0;38;2;81;78;72;48;2;21;20;18m▐███▌[0;38;2;88;84;76;48;2;21;20;18m [0;38;2;16;15;13;48;2;21;20;18m│[0;38;2;88;84;76;48;2;21;20;18m [0;38;2;53;49;42;48;2;21;20;18m╶─[0;38;2;55;83;63;48;2;21;20;18m┃[0;38;2;53;49;42;48;2;21;20;18m─╴[0;38;2;88;84;76;48;2;21;20;18m [0;38;2;16;15;13;48;2;21;20;18m│[0;38;2;88;84;76;48;2;21;20;18m [0;38;2;53;49;42;48;2;21;20;18m╶─[0;38;2;55;83;63;48;2;21;20;18m┃[0;38;2;53;49;42;48;2;21;20;18m─╴[0;38;2;88;84;76;48;2;21;20;18m [0;38;2;16;15;13;48;2;21;20;18m│[0;38;2;88;84;76;48;2;21;20;18m     [0;38;2;31;29;25;48;2;21;20;18m│[0;38;2;88;84;76;48;2;21;20;18m [0;38;2;53;49;42;48;2;21;20;18mCOLOUR[0;38;2;88;84;76;48;2;21;20;18m [0;38;2;89;63;34;48;2;21;20;18mTAPE[0;38;2;88;84;76;48;2;21;20;18m  [0;38;2;89;63;34;48;2;21;20;18m▆▆▆[0;38;2;31;23;20;48;2;21;20;18m▆▆▆▆▆▆▆[0;38;2;88;84;76;48;2;21;20;18m   [0;38;2;31;29;25;48;2;21;20;18m│[0;38;2;88;84;76;48;2;21;20;18m [0m
[0;38;2;88;84;76;48;2;21;20;18m        [0;38;2;31;29;25;48;2;21;20;18m│[0;38;2;88;84;76;48;2;21;20;18m   [0;38;2;16;15;13;48;2;21;20;18m│[0;38;2;88;84;76;48;2;21;20;18m   [0;38;2;31;29;25;48;2;21;20;18m│[0;38;2;88;84;76;48;2;21;20;18m   [0;38;2;16;15;13;48;2;21;20;18m│[0;38;2;88;84;76;48;2;21;20;18m   [0;38;2;31;29;25;48;2;21;20;18m│[0;38;2;88;84;76;48;2;21;20;18m   [0;38;2;16;15;13;48;2;21;20;18m│[0;38;2;88;84;76;48;2;21;20;18m   [0;38;2;31;29;25;48;2;21;20;18m│[0;38;2;88;84;76;48;2;21;20;18m   [0;38;2;16;15;13;48;2;21;20;18m│[0;38;2;88;84;76;48;2;21;20;18m   [0;38;2;31;29;25;48;2;21;20;18m│[0;38;2;88;84;76;48;2;21;20;18m   [0;38;2;16;15;13;48;2;21;20;18m│[0;38;2;88;84;76;48;2;21;20;18m [0;38;2;81;78;72;48;2;21;20;18m▐███▌[0;38;2;88;84;76;48;2;21;20;18m [0;38;2;16;15;13;48;2;21;20;18m│[0;38;2;88;84;76;48;2;21;20;18m   [0;38;2;31;29;25;48;2;21;20;18m│[0;38;2;88;84;76;48;2;21;20;18m   [0;38;2;16;15;13;48;2;21;20;18m│[0;38;2;88;84;76;48;2;21;20;18m   [0;38;2;31;29;25;48;2;21;20;18m│[0;38;2;88;84;76;48;2;21;20;18m   [0;38;2;16;15;13;48;2;21;20;18m│[0;38;2;88;84;76;48;2;21;20;18m   [0;38;2;31;29;25;48;2;21;20;18m│[0;38;2;88;84;76;48;2;21;20;18m   [0;38;2;16;15;13;48;2;21;20;18m│[0;38;2;88;84;76;48;2;21;20;18m   [0;38;2;31;29;25;48;2;21;20;18m│[0;38;2;88;84;76;48;2;21;20;18m   [0;38;2;16;15;13;48;2;21;20;18m│[0;38;2;88;84;76;48;2;21;20;18m     [0;38;2;31;29;25;48;2;21;20;18m│[0;38;2;88;84;76;48;2;21;20;18m                           [0;38;2;31;29;25;48;2;21;20;18m│[0;38;2;88;84;76;48;2;21;20;18m [0m
[0;38;2;88;84;76;48;2;21;20;18m        [0;38;2;31;29;25;48;2;21;20;18m│[0;38;2;88;84;76;48;2;21;20;18m   [0;38;2;16;15;13;48;2;21;20;18m│[0;38;2;88;84;76;48;2;21;20;18m   [0;38;2;31;29;25;48;2;21;20;18m│[0;38;2;88;84;76;48;2;21;20;18m   [0;38;2;16;15;13;48;2;21;20;18m│[0;38;2;88;84;76;48;2;21;20;18m   [0;38;2;31;29;25;48;2;21;20;18m│[0;38;2;88;84;76;48;2;21;20;18m   [0;38;2;16;15;13;48;2;21;20;18m│[0;38;2;88;84;76;48;2;21;20;18m   [0;38;2;31;29;25;48;2;21;20;18m│[0;38;2;88;84;76;48;2;21;20;18m   [0;38;2;16;15;13;48;2;21;20;18m│[0;38;2;88;84;76;48;2;21;20;18m   [0;38;2;31;29;25;48;2;21;20;18m│[0;38;2;88;84;76;48;2;21;20;18m   [0;38;2;16;15;13;48;2;21;20;18m│[0;38;2;88;84;76;48;2;21;20;18m   [0;38;2;31;29;25;48;2;21;20;18m│[0;38;2;88;84;76;48;2;21;20;18m   [0;38;2;16;15;13;48;2;21;20;18m│[0;38;2;88;84;76;48;2;21;20;18m   [0;38;2;31;29;25;48;2;21;20;18m│[0;38;2;88;84;76;48;2;21;20;18m   [0;38;2;16;15;13;48;2;21;20;18m│[0;38;2;88;84;76;48;2;21;20;18m   [0;38;2;31;29;25;48;2;21;20;18m│[0;38;2;88;84;76;48;2;21;20;18m   [0;38;2;16;15;13;48;2;21;20;18m│[0;38;2;88;84;76;48;2;21;20;18m   [0;38;2;31;29;25;48;2;21;20;18m│[0;38;2;88;84;76;48;2;21;20;18m   [0;38;2;16;15;13;48;2;21;20;18m│[0;38;2;88;84;76;48;2;21;20;18m   [0;38;2;31;29;25;48;2;21;20;18m│[0;38;2;88;84;76;48;2;21;20;18m   [0;38;2;16;15;13;48;2;21;20;18m│[0;38;2;88;84;76;48;2;21;20;18m     [0;38;2;31;29;25;48;2;21;20;18m│[0;38;2;88;84;76;48;2;21;20;18m                           [0;38;2;31;29;25;48;2;21;20;18m│[0;38;2;88;84;76;48;2;21;20;18m [0m
[0;38;2;88;84;76;48;2;21;20;18m        [0;38;2;31;29;25;48;2;21;20;18m│[0;38;2;88;84;76;48;2;21;20;18m   [0;38;2;16;15;13;48;2;21;20;18m│[0;38;2;88;84;76;48;2;21;20;18m   [0;38;2;31;29;25;48;2;21;20;18m│[0;38;2;88;84;76;48;2;21;20;18m   [0;38;2;16;15;13;48;2;21;20;18m│[0;38;2;88;84;76;48;2;21;20;18m   [0;38;2;31;29;25;48;2;21;20;18m│[0;38;2;88;84;76;48;2;21;20;18m   [0;38;2;16;15;13;48;2;21;20;18m│[0;38;2;88;84;76;48;2;21;20;18m   [0;38;2;31;29;25;48;2;21;20;18m│[0;38;2;88;84;76;48;2;21;20;18m   [0;38;2;16;15;13;48;2;21;20;18m│[0;38;2;88;84;76;48;2;21;20;18m   [0;38;2;31;29;25;48;2;21;20;18m│[0;38;2;88;84;76;48;2;21;20;18m   [0;38;2;16;15;13;48;2;21;20;18m│[0;38;2;88;84;76;48;2;21;20;18m   [0;38;2;31;29;25;48;2;21;20;18m│[0;38;2;88;84;76;48;2;21;20;18m   [0;38;2;16;15;13;48;2;21;20;18m│[0;38;2;88;84;76;48;2;21;20;18m   [0;38;2;31;29;25;48;2;21;20;18m│[0;38;2;88;84;76;48;2;21;20;18m   [0;38;2;16;15;13;48;2;21;20;18m│[0;38;2;88;84;76;48;2;21;20;18m   [0;38;2;31;29;25;48;2;21;20;18m│[0;38;2;88;84;76;48;2;21;20;18m   [0;38;2;16;15;13;48;2;21;20;18m│[0;38;2;88;84;76;48;2;21;20;18m   [0;38;2;31;29;25;48;2;21;20;18m│[0;38;2;88;84;76;48;2;21;20;18m   [0;38;2;16;15;13;48;2;21;20;18m│[0;38;2;88;84;76;48;2;21;20;18m   [0;38;2;31;29;25;48;2;21;20;18m│[0;38;2;88;84;76;48;2;21;20;18m   [0;38;2;16;15;13;48;2;21;20;18m│[0;38;2;88;84;76;48;2;21;20;18m     [0;38;2;31;29;25;48;2;21;20;18m│[0;38;2;88;84;76;48;2;21;20;18m                           [0;38;2;31;29;25;48;2;21;20;18m│[0;38;2;88;84;76;48;2;21;20;18m [0m
[0;38;2;88;84;76;48;2;21;20;18m        [0;38;2;31;29;25;48;2;21;20;18m│[0;38;2;88;84;76;48;2;21;20;18m   [0;38;2;16;15;13;48;2;21;20;18m│[0;38;2;88;84;76;48;2;21;20;18m   [0;38;2;31;29;25;48;2;21;20;18m│[0;38;2;88;84;76;48;2;21;20;18m   [0;38;2;16;15;13;48;2;21;20;18m│[0;38;2;88;84;76;48;2;21;20;18m   [0;38;2;31;29;25;48;2;21;20;18m│[0;38;2;88;84;76;48;2;21;20;18m   [0;38;2;16;15;13;48;2;21;20;18m│[0;38;2;88;84;76;48;2;21;20;18m   [0;38;2;31;29;25;48;2;21;20;18m│[0;38;2;88;84;76;48;2;21;20;18m   [0;38;2;16;15;13;48;2;21;20;18m│[0;38;2;88;84;76;48;2;21;20;18m   [0;38;2;31;29;25;48;2;21;20;18m│[0;38;2;88;84;76;48;2;21;20;18m   [0;38;2;16;15;13;48;2;21;20;18m│[0;38;2;88;84;76;48;2;21;20;18m   [0;38;2;31;29;25;48;2;21;20;18m│[0;38;2;88;84;76;48;2;21;20;18m   [0;38;2;16;15;13;48;2;21;20;18m│[0;38;2;88;84;76;48;2;21;20;18m   [0;38;2;31;29;25;48;2;21;20;18m│[0;38;2;88;84;76;48;2;21;20;18m   [0;38;2;16;15;13;48;2;21;20;18m│[0;38;2;88;84;76;48;2;21;20;18m   [0;38;2;31;29;25;48;2;21;20;18m│[0;38;2;88;84;76;48;2;21;20;18m   [0;38;2;16;15;13;48;2;21;20;18m│[0;38;2;88;84;76;48;2;21;20;18m   [0;38;2;31;29;25;48;2;21;20;18m│[0;38;2;88;84;76;48;2;21;20;18m   [0;38;2;16;15;13;48;2;21;20;18m│[0;38;2;88;84;76;48;2;21;20;18m   [0;38;2;31;29;25;48;2;21;20;18m│[0;38;2;88;84;76;48;2;21;20;18m   [0;38;2;16;15;13;48;2;21;20;18m│[0;38;2;88;84;76;48;2;21;20;18m     [0;38;2;31;29;25;48;2;21;20;18m│[0;38;2;88;84;76;48;2;21;20;18m                           [0;38;2;31;29;25;48;2;21;20;18m│[0;38;2;88;84;76;48;2;21;20;18m [0m
[0;38;2;88;84;76;48;2;21;20;18m      [0;38;2;53;49;42;48;2;21;20;18m+4.8[0;38;2;88;84;76;48;2;21;20;18m  [0;38;2;16;15;13;48;2;21;20;18m│[0;38;2;88;84;76;48;2;21;20;18m [0;38;2;55;83;63;48;2;21;20;18m+4.0[0;38;2;88;84;76;48;2;21;20;18m  [0;38;2;16;15;13;48;2;21;20;18m│[0;38;2;88;84;76;48;2;21;20;18m [0;38;2;55;83;63;48;2;21;20;18m+4.2[0;38;2;88;84;76;48;2;21;20;18m  [0;38;2;16;15;13;48;2;21;20;18m│[0;38;2;88;84;76;48;2;21;20;18m [0;38;2;55;83;63;48;2;21;20;18m+2.3[0;38;2;88;84;76;48;2;21;20;18m  [0;38;2;16;15;13;48;2;21;20;18m│[0;38;2;88;84;76;48;2;21;20;18m  [0;38;2;53;49;42;48;2;21;20;18m0.0[0;38;2;88;84;76;48;2;21;20;18m  [0;38;2;16;15;13;48;2;21;20;18m│[0;38;2;88;84;76;48;2;21;20;18m [0;38;2;91;56;73;48;2;21;20;18m-3.1[0;38;2;88;84;76;48;2;21;20;18m  [0;38;2;16;15;13;48;2;21;20;18m│[0;38;2;88;84;76;48;2;21;20;18m  [0;38;2;53;49;42;48;2;21;20;18m0.0[0;38;2;88;84;76;48;2;21;20;18m  [0;38;2;16;15;13;48;2;21;20;18m│[0;38;2;88;84;76;48;2;21;20;18m  [0;38;2;53;49;42;48;2;21;20;18m0.0[0;38;2;88;84;76;48;2;21;20;18m  [0;38;2;16;15;13;48;2;21;20;18m│[0;38;2;88;84;76;48;2;21;20;18m [0;38;2;55;83;63;48;2;21;20;18m+3.1[0;38;2;88;84;76;48;2;21;20;18m  [0;38;2;16;15;13;48;2;21;20;18m│[0;38;2;88;84;76;48;2;21;20;18m [0;38;2;53;49;42;48;2;21;20;18m+2.4[0;38;2;88;84;76;48;2;21;20;18m  [0;38;2;16;15;13;48;2;21;20;18m│[0;38;2;88;84;76;48;2;21;20;18m     [0;38;2;31;29;25;48;2;21;20;18m│[0;38;2;88;84;76;48;2;21;20;18m                           [0;38;2;31;29;25;48;2;21;20;18m│[0;38;2;88;84;76;48;2;21;20;18m [0m
[0;38;2;88;84;76;48;2;21;20;18m                                                                                          [0;38;2;31;29;25;48;2;21;20;18m╰───────────────────────────╯[0;38;2;88;84;76;48;2;21;20;18m [0m

[0;1;38;2;244;236;216;48;2;52;48;42m ↑↓ [0;38;2;126;117;100m scroll  [0;1;38;2;244;236;216;48;2;52;48;42m Esc [0;38;2;126;117;100m close[0m
