[0;48;2;35;32;28m [0;38;2;126;117;100;48;2;35;32;28mDEVICE [0;1;38;2;244;236;216;48;2;35;32;28mBE-RCA[0;48;2;35;32;28m   [0;38;2;126;117;100;48;2;35;32;28mRATE [0;1;38;2;236;227;207;48;2;35;32;28m44.1k[0;48;2;35;32;28m   [0;38;2;126;117;100;48;2;35;32;28mPRESET [0;1;38;2;244;236;216;48;2;35;32;28mfavourite*[0;48;2;35;32;28m   [0;38;2;126;117;100;48;2;35;32;28mVOICE [0;1;38;2;134;224;166;48;2;35;32;28m+3.0[0;48;2;35;32;28m                                 [0;38;2;58;35;32;48;2;35;32;28m●[0;48;2;35;32;28m [0;38;2;126;117;100;48;2;35;32;28mSOLO[0;48;2;35;32;28m  [0;38;2;58;35;32;48;2;35;32;28m●[0;48;2;35;32;28m [0;38;2;126;117;100;48;2;35;32;28mBYPASS[0;48;2;35;32;28m  [0;38;2;58;35;32;48;2;35;32;28m●[0;48;2;35;32;28m [0;38;2;126;117;100;48;2;35;32;28mLIMIT[0;48;2;35;32;28m  [0m
[0;48;2;28;26;23m [0;1;38;2;22;20;15;48;2;240;162;74m METER [0;48;2;28;26;23m [0;48;2;52;48;42m [0;4;38;2;240;162;74;48;2;52;48;42mI[0;38;2;185;174;151;48;2;52;48;42mNSTRUMENTS [0;48;2;28;26;23m [0;48;2;52;48;42m [0;4;38;2;240;162;74;48;2;52;48;42mE[0;38;2;185;174;151;48;2;52;48;42mVENTS [0;48;2;28;26;23m                                                                             [0;1;38;2;240;162;74;48;2;28;26;23mg[0;38;2;126;117;100;48;2;28;26;23m go[0;48;2;28;26;23m  [0;1;38;2;240;162;74;48;2;28;26;23m;[0;38;2;126;117;100;48;2;28;26;23m cmd[0;48;2;28;26;23m [0m
[0;48;2;28;26;23m     [0;1;38;2;42;37;28;48;2;230;218;189m 32 Hz [0;38;2;12;11;9;48;2;28;26;23m│[0;1;38;2;42;37;28;48;2;230;218;189m 64 Hz [0;38;2;12;11;9;48;2;28;26;23m│[0;1;38;2;42;37;28;48;2;230;218;189m 125 Hz[0;38;2;12;11;9;48;2;28;26;23m│[0;1;38;2;42;37;28;48;2;230;218;189m 250 Hz[0;38;2;12;11;9;48;2;28;26;23m│[0;1;38;2;42;37;28;48;2;230;218;189m 500 Hz[0;38;2;12;11;9;48;2;28;26;23m│[0;1;38;2;42;37;28;48;2;230;218;189m 1k Hz [0;38;2;12;11;9;48;2;28;26;23m│[0;1;38;2;42;37;28;48;2;230;218;189m 2k Hz [0;38;2;12;11;9;48;2;28;26;23m│[0;1;38;2;42;37;28;48;2;230;218;189m 4k Hz [0;38;2;12;11;9;48;2;28;26;23m│[0;1;38;2;42;37;28;48;2;230;218;189m 8k Hz [0;38;2;12;11;9;48;2;28;26;23m│[0;1;38;2;42;37;28;48;2;230;218;189m 16k Hz[0;38;2;12;11;9;48;2;28;26;23m│[0;48;2;28;26;23m     [0;38;2;58;53;45;48;2;28;26;23m╭─[0;1;38;2;185;174;151;48;2;28;26;23m MASTER [0;38;2;58;53;45;48;2;28;26;23m──────────────────╮[0;48;2;28;26;23m [0m
[0;48;2;28;26;23m [0;38;2;126;117;100;48;2;28;26;23m  0[0;48;2;28;26;23m   [0;38;2;58;21;18;48;2;28;26;23m▆▆▆[0;48;2;28;26;23m  [0;38;2;12;11;9;48;2;28;26;23m│[0;48;2;28;26;23m  [0;38;2;255;75;62;48;2;28;26;23m▆▆▆[0;48;2;28;26;23m  [0;38;2;12;11;9;48;2;28;26;23m│[0;48;2;28;26;23m  [0;38;2;58;21;18;48;2;28;26;23m▆▆▆[0;48;2;28;26;23m  [0;38;2;12;11;9;48;2;28;26;23m│[0;48;2;28;26;23m  [0;38;2;58;21;18;48;2;28;26;23m▆▆▆[0;48;2;28;26;23m  [0;38;2;12;11;9;48;2;28;26;23m│[0;48;2;28;26;23m  [0;38;2;58;21;18;48;2;28;26;23m▆▆▆[0;48;2;28;26;23m  [0;38;2;12;11;9;48;2;28;26;23m│[0;48;2;28;26;23m  [0;38;2;58;21;18;48;2;28;26;23m▆▆▆[0;48;2;28;26;23m  [0;38;2;12;11;9;48;2;28;26;23m│[0;48;2;28;26;23m  [0;38;2;58;21;18;48;2;28;26;23m▆▆▆[0;48;2;28;26;23m  [0;38;2;12;11;9;48;2;28;26;23m│[0;48;2;28;26;23m  [0;38;2;58;21;18;48;2;28;26;23m▆▆▆[0;48;2;28;26;23m  [0;38;2;12;11;9;48;2;28;26;23m│[0;48;2;28;26;23m  [0;38;2;58;21;18;48;2;28;26;23m▆▆▆[0;48;2;28;26;23m  [0;38;2;12;11;9;48;2;28;26;23m│[0;48;2;28;26;23m  [0;38;2;58;21;18;48;2;28;26;23m▆▆▆[0;48;2;28;26;23m  [0;38;2;12;11;9;48;2;28;26;23m│[0;48;2;28;26;23m     [0;38;2;58;53;45;48;2;28;26;23m│[0;48;2;28;26;23m                           [0;38;2;58;53;45;48;2;28;26;23m│[0;48;2;28;26;23m [0m
[0;48;2;28;26;23m [0;38;2;126;117;100;48;2;28;26;23m -6[0;48;2;28;26;23m   [0;38;2;255;75;62;48;2;28;26;23m▆▆▆[0;48;2;28;26;23m  [0;38;2;12;11;9;48;2;28;26;23m│[0;48;2;28;26;23m  [0;38;2;58;21;18;48;2;28;26;23m▆▆▆[0;48;2;28;26;23m  [0;38;2;12;11;9;48;2;28;26;23m│[0;48;2;28;26;23m  [0;38;2;58;21;18;48;2;28;26;23m▆▆▆[0;48;2;28;26;23m  [0;38;2;12;11;9;48;2;28;26;23m│[0;48;2;28;26;23m  [0;38;2;58;21;18;48;2;28;26;23m▆▆▆[0;48;2;28;26;23m  [0;38;2;12;11;9;48;2;28;26;23m│[0;48;2;28;26;23m  [0;38;2;58;21;18;48;2;28;26;23m▆▆▆[0;48;2;28;26;23m  [0;38;2;12;11;9;48;2;28;26;23m│[0;48;2;28;26;23m  [0;38;2;58;21;18;48;2;28;26;23m▆▆▆[0;48;2;28;26;23m  [0;38;2;12;11;9;48;2;28;26;23m│[0;48;2;28;26;23m  [0;38;2;58;21;18;48;2;28;26;23m▆▆▆[0;48;2;28;26;23m  [0;38;2;12;11;9;48;2;28;26;23m│[0;48;2;28;26;23m  [0;38;2;58;21;18;48;2;28;26;23m▆▆▆[0;48;2;28;26;23m  [0;38;2;12;11;9;48;2;28;26;23m│[0;48;2;28;26;23m  [0;38;2;58;21;18;48;2;28;26;23m▆▆▆[0;48;2;28;26;23m  [0;38;2;12;11;9;48;2;28;26;23m│[0;48;2;28;26;23m  [0;38;2;58;21;18;48;2;28;26;23m▆▆▆[0;48;2;28;26;23m  [0;38;2;12;11;9;48;2;28;26;23m│[0;48;2;28;26;23m     [0;38;2;58;53;45;48;2;28;26;23m│[0;48;2;28;26;23m [0;48;2;11;44;99m [0;38;2;143;211;255;48;2;11;44;99m20[0;48;2;11;44;99m  [0;38;2;143;211;255;48;2;11;44;99m10[0;48;2;11;44;99m   [0;38;2;143;211;255;48;2;11;44;99m6[0;48;2;11;44;99m   [0;38;2;143;211;255;48;2;11;44;99m3[0;48;2;11;44;99m    [0;38;2;143;211;255;48;2;11;44;99m1[0;48;2;11;44;99m   [0;38;2;143;211;255;48;2;11;44;99m0[0;48;2;11;44;99m [0;48;2;28;26;23m [0;38;2;58;53;45;48;2;28;26;23m│[0;48;2;28;26;23m [0m
[0;48;2;28;26;23m       [0;38;2;53;47;16;48;2;28;26;23m▆▆▆[0;48;2;28;26;23m  [0;38;2;12;11;9;48;2;28;26;23m│[0;48;2;28;26;23m  [0;38;2;245;213;71;48;2;28;26;23m▆▆▆[0;48;2;28;26;23m  [0;38;2;12;11;9;48;2;28;26;23m│[0;48;2;28;26;23m  [0;38;2;245;213;71;48;2;28;26;23m▆▆▆[0;48;2;28;26;23m  [0;38;2;12;11;9;48;2;28;26;23m│[0;48;2;28;26;23m  [0;38;2;53;47;16;48;2;28;26;23m▆▆▆[0;48;2;28;26;23m  [0;38;2;12;11;9;48;2;28;26;23m│[0;48;2;28;26;23m  [0;38;2;53;47;16;48;2;28;26;23m▆▆▆[0;48;2;28;26;23m  [0;38;2;12;11;9;48;2;28;26;23m│[0;48;2;28;26;23m  [0;38;2;53;47;16;48;2;28;26;23m▆▆▆[0;48;2;28;26;23m  [0;38;2;12;11;9;48;2;28;26;23m│[0;48;2;28;26;23m  [0;38;2;53;47;16;48;2;28;26;23m▆▆▆[0;48;2;28;26;23m  [0;38;2;12;11;9;48;2;28;26;23m│[0;48;2;28;26;23m  [0;38;2;53;47;16;48;2;28;26;23m▆▆▆[0;48;2;28;26;23m  [0;38;2;12;11;9;48;2;28;26;23m│[0;48;2;28;26;23m  [0;38;2;53;47;16;48;2;28;26;23m▆▆▆[0;48;2;28;26;23m  [0;38;2;12;11;9;48;2;28;26;23m│[0;48;2;28;26;23m  [0;38;2;53;47;16;48;2;28;26;23m▆▆▆[0;48;2;28;26;23m  [0;38;2;12;11;9;48;2;28;26;23m│[0;48;2;28;26;23m     [0;38;2;58;53;45;48;2;28;26;23m│[0;48;2;28;26;23m [0;48;2;11;44;99m [0;38;2;143;211;255;48;2;11;44;99m╷┈┈┈┈┈┈┈┈┈┈┈┈┈┈┈┈┈[0;1;38;2;251;248;239;48;2;11;44;99m┃[0;38;2;143;211;255;48;2;11;44;99m┈┈┈╷[0;48;2;11;44;99m [0;48;2;28;26;23m [0;38;2;58;53;45;48;2;28;26;23m│[0;48;2;28;26;23m [0m
[0;48;2;28;26;23m       [0;38;2;245;213;71;48;2;28;26;23m▆▆▆[0;48;2;28;26;23m  [0;38;2;12;11;9;48;2;28;26;23m│[0;48;2;28;26;23m  [0;38;2;245;213;71;48;2;28;26;23m▆▆▆[0;48;2;28;26;23m  [0;38;2;12;11;9;48;2;28;26;23m│[0;48;2;28;26;23m  [0;38;2;245;213;71;48;2;28;26;23m▆▆▆[0;48;2;28;26;23m  [0;38;2;12;11;9;48;2;28;26;23m│[0;48;2;28;26;23m  [0;38;2;245;213;71;48;2;28;26;23m▆▆▆[0;48;2;28;26;23m  [0;38;2;12;11;9;48;2;28;26;23m│[0;48;2;28;26;23m  [0;38;2;53;47;16;48;2;28;26;23m▆▆▆[0;48;2;28;26;23m  [0;38;2;12;11;9;48;2;28;26;23m│[0;48;2;28;26;23m  [0;38;2;53;47;16;48;2;28;26;23m▆▆▆[0;48;2;28;26;23m  [0;38;2;12;11;9;48;2;28;26;23m│[0;48;2;28;26;23m  [0;38;2;53;47;16;48;2;28;26;23m▆▆▆[0;48;2;28;26;23m  [0;38;2;12;11;9;48;2;28;26;23m│[0;48;2;28;26;23m  [0;38;2;53;47;16;48;2;28;26;23m▆▆▆[0;48;2;28;26;23m  [0;38;2;12;11;9;48;2;28;26;23m│[0;48;2;28;26;23m  [0;38;2;53;47;16;48;2;28;26;23m▆▆▆[0;48;2;28;26;23m  [0;38;2;12;11;9;48;2;28;26;23m│[0;48;2;28;26;23m  [0;38;2;53;47;16;48;2;28;26;23m▆▆▆[0;48;2;28;26;23m  [0;38;2;12;11;9;48;2;28;26;23m│[0;48;2;28;26;23m     [0;38;2;58;53;45;48;2;28;26;23m│[0;48;2;28;26;23m [0;48;2;11;44;99m                   [0;1;38;2;251;248;239;48;2;11;44;99m┃[0;48;2;11;44;99m     [0;48;2;28;26;23m [0;38;2;58;53;45;48;2;28;26;23m│[0;48;2;28;26;23m [0m
[0;48;2;28;26;23m       [0;38;2;245;213;71;48;2;28;26;23m▆▆▆[0;48;2;28;26;23m  [0;38;2;12;11;9;48;2;28;26;23m│[0;48;2;28;26;23m  [0;38;2;245;213;71;48;2;28;26;23m▆▆▆[0;48;2;28;26;23m  [0;38;2;12;11;9;48;2;28;26;23m│[0;48;2;28;26;23m  [0;38;2;245;213;71;48;2;28;26;23m▆▆▆[0;48;2;28;26;23m  [0;38;2;12;11;9;48;2;28;26;23m│[0;48;2;28;26;23m  [0;38;2;53;47;16;48;2;28;26;23m▆▆▆[0;48;2;28;26;23m  [0;38;2;12;11;9;48;2;28;26;23m│[0;48;2;28;26;23m  [0;38;2;245;213;71;48;2;28;26;23m▆▆▆[0;48;2;28;26;23m  [0;38;2;12;11;9;48;2;28;26;23m│[0;48;2;28;26;23m  [0;38;2;245;213;71;48;2;28;26;23m▆▆▆[0;48;2;28;26;23m  [0;38;2;12;11;9;48;2;28;26;23m│[0;48;2;28;26;23m  [0;38;2;53;47;16;48;2;28;26;23m▆▆▆[0;48;2;28;26;23m  [0;38;2;12;11;9;48;2;28;26;23m│[0;48;2;28;26;23m  [0;38;2;53;47;16;48;2;28;26;23m▆▆▆[0;48;2;28;26;23m  [0;38;2;12;11;9;48;2;28;26;23m│[0;48;2;28;26;23m  [0;38;2;53;47;16;48;2;28;26;23m▆▆▆[0;48;2;28;26;23m  [0;38;2;12;11;9;48;2;28;26;23m│[0;48;2;28;26;23m  [0;38;2;53;47;16;48;2;28;26;23m▆▆▆[0;48;2;28;26;23m  [0;38;2;12;11;9;48;2;28;26;23m│[0;48;2;28;26;23m     [0;38;2;58;53;45;48;2;28;26;23m│[0;48;2;28;26;23m [0;48;2;11;44;99m [0;1;38;2;143;211;255;48;2;11;44;99mGR[0;48;2;11;44;99m                [0;1;38;2;251;248;239;48;2;11;44;99m -2.1[0;48;2;11;44;99m [0;48;2;28;26;23m [0;38;2;58;53;45;48;2;28;26;23m│[0;48;2;28;26;23m [0m
[0;48;2;28;26;23m [0;38;2;126;117;100;48;2;28;26;23m-18[0;48;2;28;26;23m   [0;38;2;245;213;71;48;2;28;26;23m▆▆▆[0;48;2;28;26;23m  [0;38;2;12;11;9;48;2;28;26;23m│[0;48;2;28;26;23m  [0;38;2;245;213;71;48;2;28;26;23m▆▆▆[0;48;2;28;26;23m  [0;38;2;12;11;9;48;2;28;26;23m│[0;48;2;28;26;23m  [0;38;2;245;213;71;48;2;28;26;23m▆▆▆[0;48;2;28;26;23m  [0;38;2;12;11;9;48;2;28;26;23m│[0;48;2;28;26;23m  [0;38;2;245;213;71;48;2;28;26;23m▆▆▆[0;48;2;28;26;23m  [0;38;2;12;11;9;48;2;28;26;23m│[0;48;2;28;26;23m  [0;38;2;53;47;16;48;2;28;26;23m▆▆▆[0;48;2;28;26;23m  [0;38;2;12;11;9;48;2;28;26;23m│[0;48;2;28;26;23m  [0;38;2;245;213;71;48;2;28;26;23m▆▆▆[0;48;2;28;26;23m  [0;38;2;12;11;9;48;2;28;26;23m│[0;48;2;28;26;23m  [0;38;2;245;213;71;48;2;28;26;23m▆▆▆[0;48;2;28;26;23m  [0;38;2;12;11;9;48;2;28;26;23m│[0;48;2;28;26;23m  [0;38;2;53;47;16;48;2;28;26;23m▆▆▆[0;48;2;28;26;23m  [0;38;2;12;11;9;48;2;28;26;23m│[0;48;2;28;26;23m  [0;38;2;53;47;16;48;2;28;26;23m▆▆▆[0;48;2;28;26;23m  [0;38;2;12;11;9;48;2;28;26;23m│[0;48;2;28;26;23m  [0;38;2;53;47;16;48;2;28;26;23m▆▆▆[0;48;2;28;26;23m  [0;38;2;12;11;9;48;2;28;26;23m│[0;48;2;28;26;23m     [0;38;2;58;53;45;48;2;28;26;23m│[0;48;2;28;26;23m                           [0;38;2;58;53;45;48;2;28;26;23m│[0;48;2;28;26;23m [0m
[0;48;2;28;26;23m       [0;38;2;61;220;116;48;2;28;26;23m▆▆▆[0;48;2;28;26;23m  [0;38;2;12;11;9;48;2;28;26;23m│[0;48;2;28;26;23m  [0;38;2;61;220;116;48;2;28;26;23m▆▆▆[0;48;2;28;26;23m  [0;38;2;12;11;9;48;2;28;26;23m│[0;48;2;28;26;23m  [0;38;2;61;220;116;48;2;28;26;23m▆▆▆[0;48;2;28;26;23m  [0;38;2;12;11;9;48;2;28;26;23m│[0;48;2;28;26;23m  [0;38;2;61;220;116;48;2;28;26;23m▆▆▆[0;48;2;28;26;23m  [0;38;2;12;11;9;48;2;28;26;23m│[0;48;2;28;26;23m  [0;38;2;61;220;116;48;2;28;26;23m▆▆▆[0;48;2;28;26;23m  [0;38;2;12;11;9;48;2;28;26;23m│[0;48;2;28;26;23m  [0;38;2;61;220;116;48;2;28;26;23m▆▆▆[0;48;2;28;26;23m  [0;38;2;12;11;9;48;2;28;26;23m│[0;48;2;28;26;23m  [0;38;2;18;48;29;48;2;28;26;23m▆▆▆[0;48;2;28;26;23m  [0;38;2;12;11;9;48;2;28;26;23m│[0;48;2;28;26;23m  [0;38;2;61;220;116;48;2;28;26;23m▆▆▆[0;48;2;28;26;23m  [0;38;2;12;11;9;48;2;28;26;23m│[0;48;2;28;26;23m  [0;38;2;18;48;29;48;2;28;26;23m▆▆▆[0;48;2;28;26;23m  [0;38;2;12;11;9;48;2;28;26;23m│[0;48;2;28;26;23m  [0;38;2;18;48;29;48;2;28;26;23m▆▆▆[0;48;2;28;26;23m  [0;38;2;12;11;9;48;2;28;26;23m│[0;48;2;28;26;23m     [0;38;2;58;53;45;48;2;28;26;23m│[0;48;2;28;26;23m [0;38;2;126;117;100;48;2;28;26;23mCOMP[0;48;2;28;26;23m [0;38;2;58;35;32;48;2;28;26;23m●[0;38;2;126;117;100;48;2;28;26;23moff[0;48;2;28;26;23m [0;38;2;58;35;32;48;2;28;26;23m●[0;38;2;126;117;100;48;2;28;26;23mgentle[0;48;2;28;26;23m [0;38;2;240;162;74;48;2;28;26;23m●[0;1;38;2;244;236;216;48;2;28;26;23mnight[0;48;2;28;26;23m  [0;38;2;58;53;45;48;2;28;26;23m│[0;48;2;28;26;23m [0m
[0;48;2;28;26;23m       [0;38;2;61;220;116;48;2;28;26;23m▆▆▆[0;48;2;28;26;23m  [0;38;2;12;11;9;48;2;28;26;23m│[0;48;2;28;26;23m  [0;38;2;61;220;116;48;2;28;26;23m▆▆▆[0;48;2;28;26;23m  [0;38;2;12;11;9;48;2;28;26;23m│[0;48;2;28;26;23m  [0;38;2;61;220;116;48;2;28;26;23m▆▆▆[0;48;2;28;26;23m  [0;38;2;12;11;9;48;2;28;26;23m│[0;48;2;28;26;23m  [0;38;2;61;220;116;48;2;28;26;23m▆▆▆[0;48;2;28;26;23m  [0;38;2;12;11;9;48;2;28;26;23m│[0;48;2;28;26;23m  [0;38;2;61;220;116;48;2;28;26;23m▆▆▆[0;48;2;28;26;23m  [0;38;2;12;11;9;48;2;28;26;23m│[0;48;2;28;26;23m  [0;38;2;61;220;116;48;2;28;26;23m▆▆▆[0;48;2;28;26;23m  [0;38;2;12;11;9;48;2;28;26;23m│[0;48;2;28;26;23m  [0;38;2;61;220;116;48;2;28;26;23m▆▆▆[0;48;2;28;26;23m  [0;38;2;12;11;9;48;2;28;26;23m│[0;48;2;28;26;23m  [0;38;2;18;48;29;48;2;28;26;23m▆▆▆[0;48;2;28;26;23m  [0;38;2;12;11;9;48;2;28;26;23m│[0;48;2;28;26;23m  [0;38;2;61;220;116;48;2;28;26;23m▆▆▆[0;48;2;28;26;23m  [0;38;2;12;11;9;48;2;28;26;23m│[0;48;2;28;26;23m  [0;38;2;18;48;29;48;2;28;26;23m▆▆▆[0;48;2;28;26;23m  [0;38;2;12;11;9;48;2;28;26;23m│[0;48;2;28;26;23m     [0;38;2;58;53;45;48;2;28;26;23m│[0;48;2;28;26;23m                           [0;38;2;58;53;45;48;2;28;26;23m│[0;48;2;28;26;23m [0m
[0;48;2;28;26;23m       [0;38;2;61;220;116;48;2;28;26;23m▆▆▆[0;48;2;28;26;23m  [0;38;2;12;11;9;48;2;28;26;23m│[0;48;2;28;26;23m  [0;38;2;61;220;116;48;2;28;26;23m▆▆▆[0;48;2;28;26;23m  [0;38;2;12;11;9;48;2;28;26;23m│[0;48;2;28;26;23m  [0;38;2;61;220;116;48;2;28;26;23m▆▆▆[0;48;2;28;26;23m  [0;38;2;12;11;9;48;2;28;26;23m│[0;48;2;28;26;23m  [0;38;2;61;220;116;48;2;28;26;23m▆▆▆[0;48;2;28;26;23m  [0;38;2;12;11;9;48;2;28;26;23m│[0;48;2;28;26;23m  [0;38;2;61;220;116;48;2;28;26;23m▆▆▆[0;48;2;28;26;23m  [0;38;2;12;11;9;48;2;28;26;23m│[0;48;2;28;26;23m  [0;38;2;61;220;116;48;2;28;26;23m▆▆▆[0;48;2;28;26;23m  [0;38;2;12;11;9;48;2;28;26;23m│[0;48;2;28;26;23m  [0;38;2;61;220;116;48;2;28;26;23m▆▆▆[0;48;2;28;26;23m  [0;38;2;12;11;9;48;2;28;26;23m│[0;48;2;28;26;23m  [0;38;2;61;220;116;48;2;28;26;23m▆▆▆[0;48;2;28;26;23m  [0;38;2;12;11;9;48;2;28;26;23m│[0;48;2;28;26;23m  [0;38;2;18;48;29;48;2;28;26;23m▆▆▆[0;48;2;28;26;23m  [0;38;2;12;11;9;48;2;28;26;23m│[0;48;2;28;26;23m  [0;38;2;18;48;29;48;2;28;26;23m▆▆▆[0;48;2;28;26;23m  [0;38;2;12;11;9;48;2;28;26;23m│[0;48;2;28;26;23m     [0;38;2;58;53;45;48;2;28;26;23m│[0;48;2;28;26;23m [0;38;2;126;117;100;48;2;28;26;23mLIMIT[0;48;2;28;26;23m [0;38;2;58;35;32;48;2;28;26;23m●[0;48;2;28;26;23m     [0;38;2;126;117;100;48;2;28;26;23mPEAK[0;48;2;28;26;23m [0;38;2;255;181;71;48;2;11;10;7m  -6.0 [0;48;2;28;26;23m  [0;38;2;58;53;45;48;2;28;26;23m│[0;48;2;28;26;23m [0m
[0;48;2;28;26;23m [0;38;2;126;117;100;48;2;28;26;23m-30[0;48;2;28;26;23m   [0;38;2;61;220;116;48;2;28;26;23m▆▆▆[0;48;2;28;26;23m  [0;38;2;12;11;9;48;2;28;26;23m│[0;48;2;28;26;23m  [0;38;2;61;220;116;48;2;28;26;23m▆▆▆[0;48;2;28;26;23m  [0;38;2;12;11;9;48;2;28;26;23m│[0;48;2;28;26;23m  [0;38;2;61;220;116;48;2;28;26;23m▆▆▆[0;48;2;28;26;23m  [0;38;2;12;11;9;48;2;28;26;23m│[0;48;2;28;26;23m  [0;38;2;61;220;116;48;2;28;26;23m▆▆▆[0;48;2;28;26;23m  [0;38;2;12;11;9;48;2;28;26;23m│[0;48;2;28;26;23m  [0;38;2;61;220;116;48;2;28;26;23m▆▆▆[0;48;2;28;26;23m  [0;38;2;12;11;9;48;2;28;26;23m│[0;48;2;28;26;23m  [0;38;2;61;220;116;48;2;28;26;23m▆▆▆[0;48;2;28;26;23m  [0;38;2;12;11;9;48;2;28;26;23m│[0;48;2;28;26;23m  [0;38;2;61;220;116;48;2;28;26;23m▆▆▆[0;48;2;28;26;23m  [0;38;2;12;11;9;48;2;28;26;23m│[0;48;2;28;26;23m  [0;38;2;61;220;116;48;2;28;26;23m▆▆▆[0;48;2;28;26;23m  [0;38;2;12;11;9;48;2;28;26;23m│[0;48;2;28;26;23m  [0;38;2;61;220;116;48;2;28;26;23m▆▆▆[0;48;2;28;26;23m  [0;38;2;12;11;9;48;2;28;26;23m│[0;48;2;28;26;23m  [0;38;2;61;220;116;48;2;28;26;23m▆▆▆[0;48;2;28;26;23m  [0;38;2;12;11;9;48;2;28;26;23m│[0;48;2;28;26;23m     [0;38;2;58;53;45;48;2;28;26;23m│[0;48;2;28;26;23m                           [0;38;2;58;53;45;48;2;28;26;23m│[0;48;2;28;26;23m [0m
[0;48;2;28;26;23m       [0;38;2;61;220;116;48;2;28;26;23m▆▆▆[0;48;2;28;26;23m  [0;38;2;12;11;9;48;2;28;26;23m│[0;48;2;28;26;23m  [0;38;2;61;220;116;48;2;28;26;23m▆▆▆[0;48;2;28;26;23m  [0;38;2;12;11;9;48;2;28;26;23m│[0;48;2;28;26;23m  [0;38;2;61;220;116;48;2;28;26;23m▆▆▆[0;48;2;28;26;23m  [0;38;2;12;11;9;48;2;28;26;23m│[0;48;2;28;26;23m  [0;38;2;61;220;116;48;2;28;26;23m▆▆▆[0;48;2;28;26;23m  [0;38;2;12;11;9;48;2;28;26;23m│[0;48;2;28;26;23m  [0;38;2;61;220;116;48;2;28;26;23m▆▆▆[0;48;2;28;26;23m  [0;38;2;12;11;9;48;2;28;26;23m│[0;48;2;28;26;23m  [0;38;2;61;220;116;48;2;28;26;23m▆▆▆[0;48;2;28;26;23m  [0;38;2;12;11;9;48;2;28;26;23m│[0;48;2;28;26;23m  [0;38;2;61;220;116;48;2;28;26;23m▆▆▆[0;48;2;28;26;23m  [0;38;2;12;11;9;48;2;28;26;23m│[0;48;2;28;26;23m  [0;38;2;61;220;116;48;2;28;26;23m▆▆▆[0;48;2;28;26;23m  [0;38;2;12;11;9;48;2;28;26;23m│[0;48;2;28;26;23m  [0;38;2;61;220;116;48;2;28;26;23m▆▆▆[0;48;2;28;26;23m  [0;38;2;12;11;9;48;2;28;26;23m│[0;48;2;28;26;23m  [0;38;2;18;48;29;48;2;28;26;23m▆▆▆[0;48;2;28;26;23m  [0;38;2;12;11;9;48;2;28;26;23m│[0;48;2;28;26;23m     [0;38;2;58;53;45;48;2;28;26;23m│[0;48;2;28;26;23m [0;38;2;126;117;100;48;2;28;26;23mPREAMP[0;48;2;28;26;23m [0;38;2;59;54;46;48;2;28;26;23m───[0;38;2;216;209;194;48;2;28;26;23m█[0;38;2;59;54;46;48;2;28;26;23m─[0;38;2;126;117;100;48;2;28;26;23m┼[0;38;2;59;54;46;48;2;28;26;23m─────[0;48;2;28;26;23m [0;1;38;2;245;140;195;48;2;28;26;23m -4.8[0;48;2;28;26;23m  [0;38;2;58;53;45;48;2;28;26;23m│[0;48;2;28;26;23m [0m
[0;48;2;28;26;23m       [0;38;2;61;220;116;48;2;28;26;23m▆▆▆[0;48;2;28;26;23m  [0;38;2;12;11;9;48;2;28;26;23m│[0;48;2;28;26;23m  [0;38;2;61;220;116;48;2;28;26;23m▆▆▆[0;48;2;28;26;23m  [0;38;2;12;11;9;48;2;28;26;23m│[0;48;2;28;26;23m  [0;38;2;61;220;116;48;2;28;26;23m▆▆▆[0;48;2;28;26;23m  [0;38;2;12;11;9;48;2;28;26;23m│[0;48;2;28;26;23m  [0;38;2;61;220;116;48;2;28;26;23m▆▆▆[0;48;2;28;26;23m  [0;38;2;12;11;9;48;2;28;26;23m│[0;48;2;28;26;23m  [0;38;2;61;220;116;48;2;28;26;23m▆▆▆[0;48;2;28;26;23m  [0;38;2;12;11;9;48;2;28;26;23m│[0;48;2;28;26;23m  [0;38;2;61;220;116;48;2;28;26;23m▆▆▆[0;48;2;28;26;23m  [0;38;2;12;11;9;48;2;28;26;23m│[0;48;2;28;26;23m  [0;38;2;61;220;116;48;2;28;26;23m▆▆▆[0;48;2;28;26;23m  [0;38;2;12;11;9;48;2;28;26;23m│[0;48;2;28;26;23m  [0;38;2;61;220;116;48;2;28;26;23m▆▆▆[0;48;2;28;26;23m  [0;38;2;12;11;9;48;2;28;26;23m│[0;48;2;28;26;23m  [0;38;2;61;220;116;48;2;28;26;23m▆▆▆[0;48;2;28;26;23m  [0;38;2;12;11;9;48;2;28;26;23m│[0;48;2;28;26;23m  [0;38;2;18;48;29;48;2;28;26;23m▆▆▆[0;48;2;28;26;23m  [0;38;2;12;11;9;48;2;28;26;23m│[0;48;2;28;26;23m     [0;38;2;58;53;45;48;2;28;26;23m│[0;48;2;28;26;23m                           [0;38;2;58;53;45;48;2;28;26;23m│[0;48;2;28;26;23m [0m
[0;48;2;28;26;23m       [0;38;2;61;220;116;48;2;28;26;23m▆▆▆[0;48;2;28;26;23m  [0;38;2;12;11;9;48;2;28;26;23m│[0;48;2;28;26;23m  [0;38;2;61;220;116;48;2;28;26;23m▆▆▆[0;48;2;28;26;23m  [0;38;2;12;11;9;48;2;28;26;23m│[0;48;2;28;26;23m  [0;38;2;61;220;116;48;2;28;26;23m▆▆▆[0;48;2;28;26;23m  [0;38;2;12;11;9;48;2;28;26;23m│[0;48;2;28;26;23m  [0;38;2;61;220;116;48;2;28;26;23m▆▆▆[0;48;2;28;26;23m  [0;38;2;12;11;9;48;2;28;26;23m│[0;48;2;28;26;23m  [0;38;2;61;220;116;48;2;28;26;23m▆▆▆[0;48;2;28;26;23m  [0;38;2;12;11;9;48;2;28;26;23m│[0;48;2;28;26;23m  [0;38;2;61;220;116;48;2;28;26;23m▆▆▆[0;48;2;28;26;23m  [0;38;2;12;11;9;48;2;28;26;23m│[0;48;2;28;26;23m  [0;38;2;61;220;116;48;2;28;26;23m▆▆▆[0;48;2;28;26;23m  [0;38;2;12;11;9;48;2;28;26;23m│[0;48;2;28;26;23m  [0;38;2;61;220;116;48;2;28;26;23m▆▆▆[0;48;2;28;26;23m  [0;38;2;12;11;9;48;2;28;26;23m│[0;48;2;28;26;23m  [0;38;2;61;220;116;48;2;28;26;23m▆▆▆[0;48;2;28;26;23m  [0;38;2;12;11;9;48;2;28;26;23m│[0;48;2;28;26;23m  [0;38;2;61;220;116;48;2;28;26;23m▆▆▆[0;48;2;28;26;23m  [0;38;2;12;11;9;48;2;28;26;23m│[0;48;2;28;26;23m     [0;38;2;58;53;45;48;2;28;26;23m│[0;48;2;28;26;23m [0;1;38;2;134;224;166;48;2;46;42;36m ↗ [0;48;2;28;26;23m [0;38;2;126;117;100;48;2;28;26;23mBASS[0;48;2;28;26;23m [0;1;38;2;245;140;195;48;2;46;42;36m ↑ [0;48;2;28;26;23m [0;38;2;126;117;100;48;2;28;26;23mTREB[0;48;2;28;26;23m [0;1;38;2;244;236;216;48;2;46;42;36m ↑ [0;48;2;28;26;23m [0;38;2;126;117;100;48;2;28;26;23mTILT[0;38;2;58;53;45;48;2;28;26;23m│[0;48;2;28;26;23m [0m
[0;48;2;28;26;23m [0;38;2;126;117;100;48;2;28;26;23m-42[0;48;2;28;26;23m   [0;38;2;61;220;116;48;2;28;26;23m▆▆▆[0;48;2;28;26;23m  [0;38;2;12;11;9;48;2;28;26;23m│[0;48;2;28;26;23m  [0;38;2;61;220;116;48;2;28;26;23m▆▆▆[0;48;2;28;26;23m  [0;38;2;12;11;9;48;2;28;26;23m│[0;48;2;28;26;23m  [0;38;2;61;220;116;48;2;28;26;23m▆▆▆[0;48;2;28;26;23m  [0;38;2;12;11;9;48;2;28;26;23m│[0;48;2;28;26;23m  [0;38;2;61;220;116;48;2;28;26;23m▆▆▆[0;48;2;28;26;23m  [0;38;2;12;11;9;48;2;28;26;23m│[0;48;2;28;26;23m  [0;38;2;61;220;116;48;2;28;26;23m▆▆▆[0;48;2;28;26;23m  [0;38;2;12;11;9;48;2;28;26;23m│[0;48;2;28;26;23m  [0;38;2;61;220;116;48;2;28;26;23m▆▆▆[0;48;2;28;26;23m  [0;38;2;12;11;9;48;2;28;26;23m│[0;48;2;28;26;23m  [0;38;2;61;220;116;48;2;28;26;23m▆▆▆[0;48;2;28;26;23m  [0;38;2;12;11;9;48;2;28;26;23m│[0;48;2;28;26;23m  [0;38;2;61;220;116;48;2;28;26;23m▆▆▆[0;48;2;28;26;23m  [0;38;2;12;11;9;48;2;28;26;23m│[0;48;2;28;26;23m  [0;38;2;61;220;116;48;2;28;26;23m▆▆▆[0;48;2;28;26;23m  [0;38;2;12;11;9;48;2;28;26;23m│[0;48;2;28;26;23m  [0;38;2;61;220;116;48;2;28;26;23m▆▆▆[0;48;2;28;26;23m  [0;38;2;12;11;9;48;2;28;26;23m│[0;48;2;28;26;23m     [0;38;2;58;53;45;48;2;28;26;23m│[0;48;2;28;26;23m [0;38;2;134;224;166;48;2;28;26;23m +1.0[0;48;2;28;26;23m    [0;38;2;245;140;195;48;2;28;26;23m -0.5[0;48;2;28;26;23m    [0;38;2;126;117;100;48;2;28;26;23m  0.0[0;48;2;28;26;23m   [0;38;2;58;53;45;48;2;28;26;23m│[0;48;2;28;26;23m [0m
[0;48;2;28;26;23m       [0;38;2;61;220;116;48;2;28;26;23m▆▆▆[0;48;2;28;26;23m  [0;38;2;12;11;9;48;2;28;26;23m│[0;48;2;28;26;23m  [0;38;2;61;220;116;48;2;28;26;23m▆▆▆[0;48;2;28;26;23m  [0;38;2;12;11;9;48;2;28;26;23m│[0;48;2;28;26;23m  [0;38;2;61;220;116;48;2;28;26;23m▆▆▆[0;48;2;28;26;23m  [0;38;2;12;11;9;48;2;28;26;23m│[0;48;2;28;26;23m  [0;38;2;61;220;116;48;2;28;26;23m▆▆▆[0;48;2;28;26;23m  [0;38;2;12;11;9;48;2;28;26;23m│[0;48;2;28;26;23m  [0;38;2;61;220;116;48;2;28;26;23m▆▆▆[0;48;2;28;26;23m  [0;38;2;12;11;9;48;2;28;26;23m│[0;48;2;28;26;23m  [0;38;2;61;220;116;48;2;28;26;23m▆▆▆[0;48;2;28;26;23m  [0;38;2;12;11;9;48;2;28;26;23m│[0;48;2;28;26;23m  [0;38;2;61;220;116;48;2;28;26;23m▆▆▆[0;48;2;28;26;23m  [0;38;2;12;11;9;48;2;28;26;23m│[0;48;2;28;26;23m  [0;38;2;61;220;116;48;2;28;26;23m▆▆▆[0;48;2;28;26;23m  [0;38;2;12;11;9;48;2;28;26;23m│[0;48;2;28;26;23m  [0;38;2;61;220;116;48;2;28;26;23m▆▆▆[0;48;2;28;26;23m  [0;38;2;12;11;9;48;2;28;26;23m│[0;48;2;28;26;23m  [0;38;2;61;220;116;48;2;28;26;23m▆▆▆[0;48;2;28;26;23m  [0;38;2;12;11;9;48;2;28;26;23m│[0;48;2;28;26;23m     [0;38;2;58;53;45;48;2;28;26;23m│[0;48;2;28;26;23m                           [0;38;2;58;53;45;48;2;28;26;23m│[0;48;2;28;26;23m [0m
[0;48;2;28;26;23m       [0;38;2;61;220;116;48;2;28;26;23m▆▆▆[0;48;2;28;26;23m  [0;38;2;12;11;9;48;2;28;26;23m│[0;48;2;28;26;23m  [0;38;2;61;220;116;48;2;28;26;23m▆▆▆[0;48;2;28;26;23m  [0;38;2;12;11;9;48;2;28;26;23m│[0;48;2;28;26;23m  [0;38;2;61;220;116;48;2;28;26;23m▆▆▆[0;48;2;28;26;23m  [0;38;2;12;11;9;48;2;28;26;23m│[0;48;2;28;26;23m  [0;38;2;61;220;116;48;2;28;26;23m▆▆▆[0;48;2;28;26;23m  [0;38;2;12;11;9;48;2;28;26;23m│[0;48;2;28;26;23m  [0;38;2;61;220;116;48;2;28;26;23m▆▆▆[0;48;2;28;26;23m  [0;38;2;12;11;9;48;2;28;26;23m│[0;48;2;28;26;23m  [0;38;2;61;220;116;48;2;28;26;23m▆▆▆[0;48;2;28;26;23m  [0;38;2;12;11;9;48;2;28;26;23m│[0;48;2;28;26;23m  [0;38;2;61;220;116;48;2;28;26;23m▆▆▆[0;48;2;28;26;23m  [0;38;2;12;11;9;48;2;28;26;23m│[0;48;2;28;26;23m  [0;38;2;61;220;116;48;2;28;26;23m▆▆▆[0;48;2;28;26;23m  [0;38;2;12;11;9;48;2;28;26;23m│[0;48;2;28;26;23m  [0;38;2;61;220;116;48;2;28;26;23m▆▆▆[0;48;2;28;26;23m  [0;38;2;12;11;9;48;2;28;26;23m│[0;48;2;28;26;23m  [0;38;2;61;220;116;48;2;28;26;23m▆▆▆[0;48;2;28;26;23m  [0;38;2;12;11;9;48;2;28;26;23m│[0;48;2;28;26;23m     [0;38;2;58;53;45;48;2;28;26;23m│[0;48;2;28;26;23m [0;38;2;126;117;100;48;2;28;26;23mINSTRUMENT KNOBS[0;48;2;28;26;23m          [0;38;2;58;53;45;48;2;28;26;23m│[0;48;2;28;26;23m [0m
[0;48;2;28;26;23m       [0;38;2;61;220;116;48;2;28;26;23m▆▆▆[0;48;2;28;26;23m  [0;38;2;12;11;9;48;2;28;26;23m│[0;48;2;28;26;23m  [0;38;2;61;220;116;48;2;28;26;23m▆▆▆[0;48;2;28;26;23m  [0;38;2;12;11;9;48;2;28;26;23m│[0;48;2;28;26;23m  [0;38;2;61;220;116;48;2;28;26;23m▆▆▆[0;48;2;28;26;23m  [0;38;2;12;11;9;48;2;28;26;23m│[0;48;2;28;26;23m  [0;38;2;61;220;116;48;2;28;26;23m▆▆▆[0;48;2;28;26;23m  [0;38;2;12;11;9;48;2;28;26;23m│[0;48;2;28;26;23m  [0;38;2;61;220;116;48;2;28;26;23m▆▆▆[0;48;2;28;26;23m  [0;38;2;12;11;9;48;2;28;26;23m│[0;48;2;28;26;23m  [0;38;2;61;220;116;48;2;28;26;23m▆▆▆[0;48;2;28;26;23m  [0;38;2;12;11;9;48;2;28;26;23m│[0;48;2;28;26;23m  [0;38;2;61;220;116;48;2;28;26;23m▆▆▆[0;48;2;28;26;23m  [0;38;2;12;11;9;48;2;28;26;23m│[0;48;2;28;26;23m  [0;38;2;61;220;116;48;2;28;26;23m▆▆▆[0;48;2;28;26;23m  [0;38;2;12;11;9;48;2;28;26;23m│[0;48;2;28;26;23m  [0;38;2;61;220;116;48;2;28;26;23m▆▆▆[0;48;2;28;26;23m  [0;38;2;12;11;9;48;2;28;26;23m│[0;48;2;28;26;23m  [0;38;2;61;220;116;48;2;28;26;23m▆▆▆[0;48;2;28;26;23m  [0;38;2;12;11;9;48;2;28;26;23m│[0;48;2;28;26;23m     [0;38;2;58;53;45;48;2;28;26;23m│[0;48;2;28;26;23m [0;1;38;2;244;236;216;48;2;46;42;36m ↑ [0;48;2;28;26;23m [0;38;2;255;122;89;48;2;28;26;23mKCK[0;48;2;28;26;23m  [0;1;38;2;244;236;216;48;2;46;42;36m ↑ [0;48;2;28;26;23m [0;38;2;255;174;87;48;2;28;26;23mBAS[0;48;2;28;26;23m  [0;1;38;2;244;236;216;48;2;46;42;36m ↑ [0;48;2;28;26;23m [0;38;2;255;217;102;48;2;28;26;23mSNR[0;48;2;28;26;23m [0;38;2;58;53;45;48;2;28;26;23m│[0;48;2;28;26;23m [0m
[0;48;2;28;26;23m [0;38;2;107;98;84;48;2;28;26;23m╭─[0;1;38;2;244;236;216;48;2;28;26;23m commands [0;38;2;107;98;84;48;2;28;26;23m───────────────────────────────────────────────────────────────────────────────────[0;38;2;126;117;100;48;2;28;26;23m 13 [0;38;2;107;98;84;48;2;28;26;23m╮[0;38;2;126;117;100;48;2;28;26;23m  0.0[0;48;2;28;26;23m    [0;38;2;126;117;100;48;2;28;26;23m  0.0[0;48;2;28;26;23m   [0;38;2;58;53;45;48;2;28;26;23m│[0;48;2;28;26;23m [0m
[0;48;2;28;26;23m [0;38;2;107;98;84;48;2;28;26;23m│[0;1;38;2;240;162;74;48;2;58;50;38m▸[0;48;2;58;50;38m [0;1;38;2;240;162;74;48;2;58;50;38mpre[0;1;38;2;236;227;207;48;2;58;50;38mset[0;48;2;58;50;38m                               [0;38;2;126;117;100;48;2;58;50;38mlist presets; the current device's one marked *[0;48;2;58;50;38m            [0;38;2;107;98;84;48;2;28;26;23m│[0;48;2;28;26;23m                 [0;38;2;58;53;45;48;2;28;26;23m│[0;48;2;28;26;23m [0m
[0;48;2;28;26;23m [0;38;2;107;98;84;48;2;28;26;23m│[0;48;2;28;26;23m  [0;1;38;2;240;162;74;48;2;28;26;23mpre[0;38;2;236;227;207;48;2;28;26;23mset list[0;48;2;28;26;23m                          [0;38;2;126;117;100;48;2;28;26;23mlist presets; the current device's one marked *[0;48;2;28;26;23m            [0;38;2;107;98;84;48;2;28;26;23m│[0;1;38;2;244;236;216;48;2;46;42;36m ↑ [0;48;2;28;26;23m [0;38;2;79;214;196;48;2;28;26;23mPNO[0;48;2;28;26;23m  [0;1;38;2;134;224;166;48;2;46;42;36m ↗ [0;48;2;28;26;23m [0;38;2;108;182;255;48;2;28;26;23mVOX[0;48;2;28;26;23m [0;38;2;58;53;45;48;2;28;26;23m│[0;48;2;28;26;23m [0m
[0;48;2;28;26;23m [0;38;2;107;98;84;48;2;28;26;23m│[0;48;2;28;26;23m  [0;1;38;2;240;162;74;48;2;28;26;23mpre[0;38;2;236;227;207;48;2;28;26;23mamp <gain>[0;48;2;28;26;23m                        [0;38;2;126;117;100;48;2;28;26;23mthe preamp of the curve[0;48;2;28;26;23m                                    [0;38;2;107;98;84;48;2;28;26;23m│[0;38;2;126;117;100;48;2;28;26;23m  0.0[0;48;2;28;26;23m    [0;38;2;134;224;166;48;2;28;26;23m +3.0[0;48;2;28;26;23m   [0;38;2;58;53;45;48;2;28;26;23m│[0;48;2;28;26;23m [0m
[0;48;2;28;26;23m [0;38;2;107;98;84;48;2;28;26;23m│[0;48;2;28;26;23m  [0;1;38;2;240;162;74;48;2;28;26;23mpre[0;38;2;236;227;207;48;2;28;26;23mset rm <name>[0;48;2;28;26;23m                     [0;38;2;126;117;100;48;2;28;26;23mdelete a preset[0;48;2;28;26;23m                                            [0;38;2;107;98;84;48;2;28;26;23m│[0;48;2;28;26;23m                 [0;38;2;58;53;45;48;2;28;26;23m│[0;48;2;28;26;23m [0m
[0;48;2;28;26;23m [0;38;2;107;98;84;48;2;28;26;23m│[0;48;2;28;26;23m  [0;1;38;2;240;162;74;48;2;28;26;23mpre[0;38;2;236;227;207;48;2;28;26;23mset use <name>[0;48;2;28;26;23m                    [0;38;2;126;117;100;48;2;28;26;23msave the curve as <name> / apply <name>[0;48;2;28;26;23m                    [0;38;2;107;98;84;48;2;28;26;23m│[0;1;38;2;244;236;216;48;2;46;42;36m ↑ [0;48;2;28;26;23m [0;38;2;245;144;214;48;2;28;26;23mAIR[0;48;2;28;26;23m          [0;38;2;58;53;45;48;2;28;26;23m│[0;48;2;28;26;23m [0m
[0;48;2;28;26;23m [0;38;2;107;98;84;48;2;28;26;23m│[0;48;2;28;26;23m  [0;1;38;2;240;162;74;48;2;28;26;23mpre[0;38;2;236;227;207;48;2;28;26;23mset save <name>[0;48;2;28;26;23m                   [0;38;2;126;117;100;48;2;28;26;23msave the curve as <name> / apply <name>[0;48;2;28;26;23m                    [0;38;2;107;98;84;48;2;28;26;23m│[0;38;2;126;117;100;48;2;28;26;23m  0.0[0;48;2;28;26;23m            [0;38;2;58;53;45;48;2;28;26;23m│[0;48;2;28;26;23m [0m
[0;48;2;28;26;23m [0;38;2;107;98;84;48;2;28;26;23m│[0;48;2;28;26;23m  [0;1;38;2;240;162;74;48;2;28;26;23mpre[0;38;2;236;227;207;48;2;28;26;23mset show <name>[0;48;2;28;26;23m                   [0;38;2;126;117;100;48;2;28;26;23mshow a preset[0;48;2;28;26;23m                                              [0;38;2;107;98;84;48;2;28;26;23m│[0;48;2;28;26;23m                 [0;38;2;58;53;45;48;2;28;26;23m│[0;48;2;28;26;23m [0m
[0;48;2;28;26;23m [0;38;2;107;98;84;48;2;28;26;23m│[0;48;2;28;26;23m  [0;1;38;2;240;162;74;48;2;28;26;23mpre[0;38;2;236;227;207;48;2;28;26;23mset rename <old> <new>[0;48;2;28;26;23m            [0;38;2;126;117;100;48;2;28;26;23mrename a preset; devices using it follow[0;48;2;28;26;23m                   [0;38;2;107;98;84;48;2;28;26;23m│[0;1;38;2;240;162;74;48;2;28;26;23mPE[0;48;2;28;26;23m  [0;38;2;240;162;74;48;2;28;26;23m▆▆▆[0;38;2;58;35;32;48;2;28;26;23m▆▆▆▆▆▆▆[0;48;2;28;26;23m   [0;38;2;58;53;45;48;2;28;26;23m│[0;48;2;28;26;23m [0m
[0;48;2;28;26;23m [0;38;2;107;98;84;48;2;28;26;23m│[0;48;2;28;26;23m  [0;38;2;236;227;207;48;2;28;26;23ma[0;1;38;2;240;162;74;48;2;28;26;23mp[0;38;2;236;227;207;48;2;28;26;23mp set <app> <p[0;1;38;2;240;162;74;48;2;28;26;23mre[0;38;2;236;227;207;48;2;28;26;23mset>[0;48;2;28;26;23m               [0;38;2;126;117;100;48;2;28;26;23mwhile <app>, a bundle ID or an app's name, plays, hear <pr[0;48;2;28;26;23m [0;38;2;107;98;84;48;2;28;26;23m│[0;48;2;28;26;23m                 [0;38;2;58;53;45;48;2;28;26;23m│[0;48;2;28;26;23m [0m
[0;48;2;28;26;23m [0;38;2;107;98;84;48;2;28;26;23m│[0;48;2;28;26;23m  [0;38;2;236;227;207;48;2;28;26;23mfilter add <ty[0;1;38;2;240;162;74;48;2;28;26;23mp[0;38;2;236;227;207;48;2;28;26;23me> <f[0;1;38;2;240;162;74;48;2;28;26;23mre[0;38;2;236;227;207;48;2;28;26;23mq> <gain> <q>[0;48;2;28;26;23m  [0;38;2;126;117;100;48;2;28;26;23madd a filter: peak lowshelf highshelf lowpass highpass not[0;48;2;28;26;23m [0;38;2;107;98;84;48;2;28;26;23m│[0;48;2;28;26;23m                 [0;38;2;58;53;45;48;2;28;26;23m│[0;48;2;28;26;23m [0m
[0;48;2;28;26;23m [0;38;2;107;98;84;48;2;28;26;23m│[0;48;2;28;26;23m  [0;38;2;236;227;207;48;2;28;26;23mim[0;1;38;2;240;162;74;48;2;28;26;23mp[0;38;2;236;227;207;48;2;28;26;23mo[0;1;38;2;240;162;74;48;2;28;26;23mr[0;38;2;236;227;207;48;2;28;26;23mt --cl[0;1;38;2;240;162;74;48;2;28;26;23me[0;38;2;236;227;207;48;2;28;26;23mar[0;48;2;28;26;23m                       [0;38;2;126;117;100;48;2;28;26;23mdrop the imported correction, keep hand-tuned bands and fi[0;48;2;28;26;23m [0;38;2;107;98;84;48;2;28;26;23m│[0;48;2;28;26;23m                 [0;38;2;58;53;45;48;2;28;26;23m│[0;48;2;28;26;23m [0m
[0;48;2;28;26;23m [0;38;2;107;98;84;48;2;28;26;23m│[0;48;2;28;26;23m  [0;38;2;236;227;207;48;2;28;26;23mim[0;1;38;2;240;162;74;48;2;28;26;23mp[0;38;2;236;227;207;48;2;28;26;23mo[0;1;38;2;240;162;74;48;2;28;26;23mr[0;38;2;236;227;207;48;2;28;26;23mt <fil[0;1;38;2;240;162;74;48;2;28;26;23me[0;38;2;236;227;207;48;2;28;26;23m|url|name>[0;48;2;28;26;23m               [0;38;2;126;117;100;48;2;28;26;23mapply a correction by headphone name (AutoEq, then OPRA), [0;48;2;28;26;23m [0;38;2;107;98;84;48;2;28;26;23m│[0;48;2;28;26;23m                 [0;38;2;58;53;45;48;2;28;26;23m│[0;48;2;28;26;23m [0m
[0;48;2;28;26;23m [0;38;2;107;98;84;48;2;28;26;23m╰──────────────────────────────────────────────────────────────────────────────────────────────────╯[0;38;2;58;53;45;48;2;28;26;23m─────────────────╯[0;48;2;28;26;23m [0m
[0;48;2;28;26;23m [0;1;38;2;240;162;74;48;2;28;26;23m: [0;38;2;236;227;207;48;2;28;26;23mpre▏[0;48;2;28;26;23m                                                                                                                 [0m
[0;1;38;2;244;236;216;48;2;52;48;42m Tab [0;38;2;126;117;100;48;2;28;26;23m complete  [0;1;38;2;244;236;216;48;2;52;48;42m ↑↓ [0;38;2;126;117;100;48;2;28;26;23m choose  [0;1;38;2;244;236;216;48;2;52;48;42m Enter [0;38;2;126;117;100;48;2;28;26;23m run  [0;1;38;2;244;236;216;48;2;52;48;42m Esc [0;38;2;126;117;100;48;2;28;26;23m close[0;48;2;28;26;23m                                                                   [0m
