[0;48;2;35;32;28m [0;38;2;126;117;100;48;2;35;32;28mDEVICE [0;1;38;2;244;236;216;48;2;35;32;28mBE-RCA[0;48;2;35;32;28m   [0;38;2;126;117;100;48;2;35;32;28mRATE [0;1;38;2;236;227;207;48;2;35;32;28m44.1k[0;48;2;35;32;28m   [0;38;2;126;117;100;48;2;35;32;28mPRESET [0;1;38;2;244;236;216;48;2;35;32;28mfavourite*[0;48;2;35;32;28m   [0;38;2;126;117;100;48;2;35;32;28mVOICE [0;1;38;2;134;224;166;48;2;35;32;28m+3.0[0;48;2;35;32;28m                                 [0;38;2;58;35;32;48;2;35;32;28m●[0;48;2;35;32;28m [0;38;2;126;117;100;48;2;35;32;28mSOLO[0;48;2;35;32;28m  [0;38;2;58;35;32;48;2;35;32;28m●[0;48;2;35;32;28m [0;38;2;126;117;100;48;2;35;32;28mBYPASS[0;48;2;35;32;28m  [0;38;2;58;35;32;48;2;35;32;28m●[0;48;2;35;32;28m [0;38;2;126;117;100;48;2;35;32;28mLIMIT[0;48;2;35;32;28m  [0m
[0;48;2;28;26;23m [0;1;38;2;22;20;15;48;2;240;162;74m METER [0;48;2;28;26;23m [0;48;2;52;48;42m [0;4;38;2;240;162;74;48;2;52;48;42mT[0;38;2;185;174;151;48;2;52;48;42mUNE [0;48;2;28;26;23m [0;48;2;52;48;42m [0;4;38;2;240;162;74;48;2;52;48;42mI[0;38;2;185;174;151;48;2;52;48;42mNSTRUMENTS [0;48;2;28;26;23m [0;48;2;52;48;42m [0;4;38;2;240;162;74;48;2;52;48;42mP[0;38;2;185;174;151;48;2;52;48;42mRESETS [0;48;2;28;26;23m [0;48;2;52;48;42m [0;4;38;2;240;162;74;48;2;52;48;42mD[0;38;2;185;174;151;48;2;52;48;42mEVICES [0;48;2;28;26;23m [0;48;2;52;48;42m [0;4;38;2;240;162;74;48;2;52;48;42mF[0;38;2;185;174;151;48;2;52;48;42mILTERS [0;48;2;28;26;23m [0;48;2;52;48;42m [0;4;38;2;240;162;74;48;2;52;48;42mE[0;38;2;185;174;151;48;2;52;48;42mVENTS [0;48;2;28;26;23m                                        [0;1;38;2;240;162;74;48;2;28;26;23mg[0;38;2;126;117;100;48;2;28;26;23m go[0;48;2;28;26;23m  [0;1;38;2;240;162;74;48;2;28;26;23m;[0;38;2;126;117;100;48;2;28;26;23m cmd[0;48;2;28;26;23m [0m
[0;48;2;28;26;23m     [0;1;38;2;42;37;28;48;2;230;218;189m 32 Hz [0;38;2;12;11;9;48;2;28;26;23m│[0;1;38;2;42;37;28;48;2;230;218;189m 64 Hz [0;38;2;12;11;9;48;2;28;26;23m│[0;1;38;2;42;37;28;48;2;230;218;189m 125 Hz[0;38;2;12;11;9;48;2;28;26;23m│[0;1;38;2;42;37;28;48;2;230;218;189m 250 Hz[0;38;2;12;11;9;48;2;28;26;23m│[0;1;38;2;42;37;28;48;2;230;218;189m 500 Hz[0;38;2;12;11;9;48;2;28;26;23m│[0;1;38;2;42;37;28;48;2;230;218;189m 1k Hz [0;38;2;12;11;9;48;2;28;26;23m│[0;1;38;2;42;37;28;48;2;230;218;189m 2k Hz [0;38;2;12;11;9;48;2;28;26;23m│[0;1;38;2;42;37;28;48;2;230;218;189m 4k Hz [0;38;2;12;11;9;48;2;28;26;23m│[0;1;38;2;42;37;28;48;2;230;218;189m 8k Hz [0;38;2;12;11;9;48;2;28;26;23m│[0;1;38;2;42;37;28;48;2;230;218;189m 16k Hz[0;38;2;12;11;9;48;2;28;26;23m│[0;48;2;28;26;23m     [0;38;2;58;53;45;48;2;28;26;23m╭─[0;1;38;2;185;174;151;48;2;28;26;23m MASTER [0;38;2;58;53;45;48;2;28;26;23m──────────────────╮[0;48;2;28;26;23m [0m
[0;48;2;28;26;23m [0;38;2;126;117;100;48;2;28;26;23m  0[0;48;2;28;26;23m   [0;38;2;255;75;62;48;2;28;26;23m▆▆▆[0;48;2;28;26;23m  [0;38;2;12;11;9;48;2;28;26;23m│[0;48;2;28;26;23m  [0;38;2;255;75;62;48;2;28;26;23m▆▆▆[0;48;2;28;26;23m  [0;38;2;12;11;9;48;2;28;26;23m│[0;48;2;28;26;23m  [0;38;2;58;21;18;48;2;28;26;23m▆▆▆[0;48;2;28;26;23m  [0;38;2;12;11;9;48;2;28;26;23m│[0;48;2;28;26;23m  [0;38;2;58;21;18;48;2;28;26;23m▆▆▆[0;48;2;28;26;23m  [0;38;2;12;11;9;48;2;28;26;23m│[0;48;2;28;26;23m  [0;38;2;58;21;18;48;2;28;26;23m▆▆▆[0;48;2;28;26;23m  [0;38;2;12;11;9;48;2;28;26;23m│[0;48;2;28;26;23m  [0;38;2;58;21;18;48;2;28;26;23m▆▆▆[0;48;2;28;26;23m  [0;38;2;12;11;9;48;2;28;26;23m│[0;48;2;28;26;23m  [0;38;2;58;21;18;48;2;28;26;23m▆▆▆[0;48;2;28;26;23m  [0;38;2;12;11;9;48;2;28;26;23m│[0;48;2;28;26;23m  [0;38;2;58;21;18;48;2;28;26;23m▆▆▆[0;48;2;28;26;23m  [0;38;2;12;11;9;48;2;28;26;23m│[0;48;2;28;26;23m  [0;38;2;58;21;18;48;2;28;26;23m▆▆▆[0;48;2;28;26;23m  [0;38;2;12;11;9;48;2;28;26;23m│[0;48;2;28;26;23m  [0;38;2;58;21;18;48;2;28;26;23m▆▆▆[0;48;2;28;26;23m  [0;38;2;12;11;9;48;2;28;26;23m│[0;48;2;28;26;23m     [0;38;2;58;53;45;48;2;28;26;23m│[0;48;2;28;26;23m                           [0;38;2;58;53;45;48;2;28;26;23m│[0;48;2;28;26;23m [0m
[0;48;2;28;26;23m [0;38;2;126;117;100;48;2;28;26;23m -6[0;48;2;28;26;23m   [0;38;2;53;47;16;48;2;28;26;23m▆▆▆[0;48;2;28;26;23m  [0;38;2;12;11;9;48;2;28;26;23m│[0;48;2;28;26;23m  [0;38;2;245;213;71;48;2;28;26;23m▆▆▆[0;48;2;28;26;23m  [0;38;2;12;11;9;48;2;28;26;23m│[0;48;2;28;26;23m  [0;38;2;245;213;71;48;2;28;26;23m▆▆▆[0;48;2;28;26;23m  [0;38;2;12;11;9;48;2;28;26;23m│[0;48;2;28;26;23m  [0;38;2;53;47;16;48;2;28;26;23m▆▆▆[0;48;2;28;26;23m  [0;38;2;12;11;9;48;2;28;26;23m│[0;48;2;28;26;23m  [0;38;2;53;47;16;48;2;28;26;23m▆▆▆[0;48;2;28;26;23m  [0;38;2;12;11;9;48;2;28;26;23m│[0;48;2;28;26;23m  [0;38;2;53;47;16;48;2;28;26;23m▆▆▆[0;48;2;28;26;23m  [0;38;2;12;11;9;48;2;28;26;23m│[0;48;2;28;26;23m  [0;38;2;53;47;16;48;2;28;26;23m▆▆▆[0;48;2;28;26;23m  [0;38;2;12;11;9;48;2;28;26;23m│[0;48;2;28;26;23m  [0;38;2;53;47;16;48;2;28;26;23m▆▆▆[0;48;2;28;26;23m  [0;38;2;12;11;9;48;2;28;26;23m│[0;48;2;28;26;23m  [0;38;2;53;47;16;48;2;28;26;23m▆▆▆[0;48;2;28;26;23m  [0;38;2;12;11;9;48;2;28;26;23m│[0;48;2;28;26;23m  [0;38;2;53;47;16;48;2;28;26;23m▆▆▆[0;48;2;28;26;23m  [0;38;2;12;11;9;48;2;28;26;23m│[0;48;2;28;26;23m     [0;38;2;58;53;45;48;2;28;26;23m│[0;48;2;28;26;23m [0;48;2;11;44;99m [0;38;2;143;211;255;48;2;11;44;99m20[0;48;2;11;44;99m  [0;38;2;143;211;255;48;2;11;44;99m10[0;48;2;11;44;99m   [0;38;2;143;211;255;48;2;11;44;99m6[0;48;2;11;44;99m   [0;38;2;143;211;255;48;2;11;44;99m3[0;48;2;11;44;99m    [0;38;2;143;211;255;48;2;11;44;99m1[0;48;2;11;44;99m   [0;38;2;143;211;255;48;2;11;44;99m0[0;48;2;11;44;99m [0;48;2;28;26;23m [0;38;2;58;53;45;48;2;28;26;23m│[0;48;2;28;26;23m [0m
[0;48;2;28;26;23m       [0;38;2;245;213;71;48;2;28;26;23m▆▆▆[0;48;2;28;26;23m  [0;38;2;12;11;9;48;2;28;26;23m│[0;48;2;28;26;23m  [0;38;2;245;213;71;48;2;28;26;23m▆▆▆[0;48;2;28;26;23m  [0;38;2;12;11;9;48;2;28;26;23m│[0;48;2;28;26;23m  [0;38;2;245;213;71;48;2;28;26;23m▆▆▆[0;48;2;28;26;23m  [0;38;2;12;11;9;48;2;28;26;23m│[0;48;2;28;26;23m  [0;38;2;245;213;71;48;2;28;26;23m▆▆▆[0;48;2;28;26;23m  [0;38;2;12;11;9;48;2;28;26;23m│[0;48;2;28;26;23m  [0;38;2;245;213;71;48;2;28;26;23m▆▆▆[0;48;2;28;26;23m  [0;38;2;12;11;9;48;2;28;26;23m│[0;48;2;28;26;23m  [0;38;2;245;213;71;48;2;28;26;23m▆▆▆[0;48;2;28;26;23m  [0;38;2;12;11;9;48;2;28;26;23m│[0;48;2;28;26;23m  [0;38;2;53;47;16;48;2;28;26;23m▆▆▆[0;48;2;28;26;23m  [0;38;2;12;11;9;48;2;28;26;23m│[0;48;2;28;26;23m  [0;38;2;53;47;16;48;2;28;26;23m▆▆▆[0;48;2;28;26;23m  [0;38;2;12;11;9;48;2;28;26;23m│[0;48;2;28;26;23m  [0;38;2;53;47;16;48;2;28;26;23m▆▆▆[0;48;2;28;26;23m  [0;38;2;12;11;9;48;2;28;26;23m│[0;48;2;28;26;23m  [0;38;2;53;47;16;48;2;28;26;23m▆▆▆[0;48;2;28;26;23m  [0;38;2;12;11;9;48;2;28;26;23m│[0;48;2;28;26;23m     [0;38;2;58;53;45;48;2;28;26;23m│[0;48;2;28;26;23m [0;48;2;11;44;99m [0;38;2;143;211;255;48;2;11;44;99m╷┈┈┈┈┈┈┈┈┈┈┈┈┈┈┈┈┈[0;1;38;2;251;248;239;48;2;11;44;99m┃[0;38;2;143;211;255;48;2;11;44;99m┈┈┈╷[0;48;2;11;44;99m [0;48;2;28;26;23m [0;38;2;58;53;45;48;2;28;26;23m│[0;48;2;28;26;23m [0m
[0;48;2;28;26;23m [0;38;2;126;117;100;48;2;28;26;23m-18[0;48;2;28;26;23m   [0;38;2;61;220;116;48;2;28;26;23m▆▆▆[0;48;2;28;26;23m  [0;38;2;12;11;9;48;2;28;26;23m│[0;48;2;28;26;23m  [0;38;2;61;220;116;48;2;28;26;23m▆▆▆[0;48;2;28;26;23m  [0;38;2;12;11;9;48;2;28;26;23m│[0;48;2;28;26;23m  [0;38;2;61;220;116;48;2;28;26;23m▆▆▆[0;48;2;28;26;23m  [0;38;2;12;11;9;48;2;28;26;23m│[0;48;2;28;26;23m  [0;38;2;61;220;116;48;2;28;26;23m▆▆▆[0;48;2;28;26;23m  [0;38;2;12;11;9;48;2;28;26;23m│[0;48;2;28;26;23m  [0;38;2;61;220;116;48;2;28;26;23m▆▆▆[0;48;2;28;26;23m  [0;38;2;12;11;9;48;2;28;26;23m│[0;48;2;28;26;23m  [0;38;2;61;220;116;48;2;28;26;23m▆▆▆[0;48;2;28;26;23m  [0;38;2;12;11;9;48;2;28;26;23m│[0;48;2;28;26;23m  [0;38;2;61;220;116;48;2;28;26;23m▆▆▆[0;48;2;28;26;23m  [0;38;2;12;11;9;48;2;28;26;23m│[0;48;2;28;26;23m  [0;38;2;61;220;116;48;2;28;26;23m▆▆▆[0;48;2;28;26;23m  [0;38;2;12;11;9;48;2;28;26;23m│[0;48;2;28;26;23m  [0;38;2;18;48;29;48;2;28;26;23m▆▆▆[0;48;2;28;26;23m  [0;38;2;12;11;9;48;2;28;26;23m│[0;48;2;28;26;23m  [0;38;2;18;48;29;48;2;28;26;23m▆▆▆[0;48;2;28;26;23m  [0;38;2;12;11;9;48;2;28;26;23m│[0;48;2;28;26;23m     [0;38;2;58;53;45;48;2;28;26;23m│[0;48;2;28;26;23m [0;48;2;11;44;99m                   [0;1;38;2;251;248;239;48;2;11;44;99m┃[0;48;2;11;44;99m     [0;48;2;28;26;23m [0;38;2;58;53;45;48;2;28;26;23m│[0;48;2;28;26;23m [0m
[0;48;2;28;26;23m       [0;38;2;61;220;116;48;2;28;26;23m▆▆▆[0;48;2;28;26;23m  [0;38;2;12;11;9;48;2;28;26;23m│[0;48;2;28;26;23m  [0;38;2;61;220;116;48;2;28;26;23m▆▆▆[0;48;2;28;26;23m  [0;38;2;12;11;9;48;2;28;26;23m│[0;48;2;28;26;23m  [0;38;2;61;220;116;48;2;28;26;23m▆▆▆[0;48;2;28;26;23m  [0;38;2;12;11;9;48;2;28;26;23m│[0;48;2;28;26;23m  [0;38;2;61;220;116;48;2;28;26;23m▆▆▆[0;48;2;28;26;23m  [0;38;2;12;11;9;48;2;28;26;23m│[0;48;2;28;26;23m  [0;38;2;61;220;116;48;2;28;26;23m▆▆▆[0;48;2;28;26;23m  [0;38;2;12;11;9;48;2;28;26;23m│[0;48;2;28;26;23m  [0;38;2;61;220;116;48;2;28;26;23m▆▆▆[0;48;2;28;26;23m  [0;38;2;12;11;9;48;2;28;26;23m│[0;48;2;28;26;23m  [0;38;2;61;220;116;48;2;28;26;23m▆▆▆[0;48;2;28;26;23m  [0;38;2;12;11;9;48;2;28;26;23m│[0;48;2;28;26;23m  [0;38;2;18;48;29;48;2;28;26;23m▆▆▆[0;48;2;28;26;23m  [0;38;2;12;11;9;48;2;28;26;23m│[0;48;2;28;26;23m  [0;38;2;61;220;116;48;2;28;26;23m▆▆▆[0;48;2;28;26;23m  [0;38;2;12;11;9;48;2;28;26;23m│[0;48;2;28;26;23m  [0;38;2;18;48;29;48;2;28;26;23m▆▆▆[0;48;2;28;26;23m  [0;38;2;12;11;9;48;2;28;26;23m│[0;48;2;28;26;23m     [0;38;2;58;53;45;48;2;28;26;23m│[0;48;2;28;26;23m [0;48;2;11;44;99m [0;1;38;2;143;211;255;48;2;11;44;99mGR[0;48;2;11;44;99m                [0;1;38;2;251;248;239;48;2;11;44;99m -2.1[0;48;2;11;44;99m [0;48;2;28;26;23m [0;38;2;58;53;45;48;2;28;26;23m│[0;48;2;28;26;23m [0m
[0;48;2;28;26;23m [0;38;2;126;117;100;48;2;28;26;23m-30[0;48;2;28;26;23m   [0;38;2;61;220;116;48;2;28;26;23m▆▆▆[0;48;2;28;26;23m  [0;38;2;12;11;9;48;2;28;26;23m│[0;48;2;28;26;23m  [0;38;2;61;220;116;48;2;28;26;23m▆▆▆[0;48;2;28;26;23m  [0;38;2;12;11;9;48;2;28;26;23m│[0;48;2;28;26;23m  [0;38;2;61;220;116;48;2;28;26;23m▆▆▆[0;48;2;28;26;23m  [0;38;2;12;11;9;48;2;28;26;23m│[0;48;2;28;26;23m  [0;38;2;61;220;116;48;2;28;26;23m▆▆▆[0;48;2;28;26;23m  [0;38;2;12;11;9;48;2;28;26;23m│[0;48;2;28;26;23m  [0;38;2;61;220;116;48;2;28;26;23m▆▆▆[0;48;2;28;26;23m  [0;38;2;12;11;9;48;2;28;26;23m│[0;48;2;28;26;23m  [0;38;2;61;220;116;48;2;28;26;23m▆▆▆[0;48;2;28;26;23m  [0;38;2;12;11;9;48;2;28;26;23m│[0;48;2;28;26;23m  [0;38;2;61;220;116;48;2;28;26;23m▆▆▆[0;48;2;28;26;23m  [0;38;2;12;11;9;48;2;28;26;23m│[0;48;2;28;26;23m  [0;38;2;61;220;116;48;2;28;26;23m▆▆▆[0;48;2;28;26;23m  [0;38;2;12;11;9;48;2;28;26;23m│[0;48;2;28;26;23m  [0;38;2;61;220;116;48;2;28;26;23m▆▆▆[0;48;2;28;26;23m  [0;38;2;12;11;9;48;2;28;26;23m│[0;48;2;28;26;23m  [0;38;2;61;220;116;48;2;28;26;23m▆▆▆[0;48;2;28;26;23m  [0;38;2;12;11;9;48;2;28;26;23m│[0;48;2;28;26;23m     [0;38;2;58;53;45;48;2;28;26;23m│[0;48;2;28;26;23m                           [0;38;2;58;53;45;48;2;28;26;23m│[0;48;2;28;26;23m [0m
[0;48;2;28;26;23m       [0;38;2;61;220;116;48;2;28;26;23m▆▆▆[0;48;2;28;26;23m  [0;38;2;12;11;9;48;2;28;26;23m│[0;48;2;28;26;23m  [0;38;2;61;220;116;48;2;28;26;23m▆▆▆[0;48;2;28;26;23m  [0;38;2;12;11;9;48;2;28;26;23m│[0;48;2;28;26;23m  [0;38;2;61;220;116;48;2;28;26;23m▆▆▆[0;48;2;28;26;23m  [0;38;2;12;11;9;48;2;28;26;23m│[0;48;2;28;26;23m  [0;38;2;61;220;116;48;2;28;26;23m▆▆▆[0;48;2;28;26;23m  [0;38;2;12;11;9;48;2;28;26;23m│[0;48;2;28;26;23m  [0;38;2;61;220;116;48;2;28;26;23m▆▆▆[0;48;2;28;26;23m  [0;38;2;12;11;9;48;2;28;26;23m│[0;48;2;28;26;23m  [0;38;2;61;220;116;48;2;28;26;23m▆▆▆[0;48;2;28;26;23m  [0;38;2;12;11;9;48;2;28;26;23m│[0;48;2;28;26;23m  [0;38;2;61;220;116;48;2;28;26;23m▆▆▆[0;48;2;28;26;23m  [0;38;2;12;11;9;48;2;28;26;23m│[0;48;2;28;26;23m  [0;38;2;61;220;116;48;2;28;26;23m▆▆▆[0;48;2;28;26;23m  [0;38;2;12;11;9;48;2;28;26;23m│[0;48;2;28;26;23m  [0;38;2;61;220;116;48;2;28;26;23m▆▆▆[0;48;2;28;26;23m  [0;38;2;12;11;9;48;2;28;26;23m│[0;48;2;28;26;23m  [0;38;2;18;48;29;48;2;28;26;23m▆▆▆[0;48;2;28;26;23m  [0;38;2;12;11;9;48;2;28;26;23m│[0;48;2;28;26;23m     [0;38;2;58;53;45;48;2;28;26;23m│[0;48;2;28;26;23m [0;38;2;126;117;100;48;2;28;26;23mCOMP[0;48;2;28;26;23m [0;38;2;58;35;32;48;2;28;26;23m●[0;38;2;126;117;100;48;2;28;26;23moff[0;48;2;28;26;23m [0;38;2;58;35;32;48;2;28;26;23m●[0;38;2;126;117;100;48;2;28;26;23mgentle[0;48;2;28;26;23m [0;38;2;240;162;74;48;2;28;26;23m●[0;1;38;2;244;236;216;48;2;28;26;23mnight[0;48;2;28;26;23m  [0;38;2;58;53;45;48;2;28;26;23m│[0;48;2;28;26;23m [0m
[0;48;2;28;26;23m [0;38;2;126;117;100;48;2;28;26;23m-42[0;48;2;28;26;23m   [0;38;2;61;220;116;48;2;28;26;23m▆▆▆[0;48;2;28;26;23m  [0;38;2;12;11;9;48;2;28;26;23m│[0;48;2;28;26;23m  [0;38;2;61;220;116;48;2;28;26;23m▆▆▆[0;48;2;28;26;23m  [0;38;2;12;11;9;48;2;28;26;23m│[0;48;2;28;26;23m  [0;38;2;61;220;116;48;2;28;26;23m▆▆▆[0;48;2;28;26;23m  [0;38;2;12;11;9;48;2;28;26;23m│[0;48;2;28;26;23m  [0;38;2;61;220;116;48;2;28;26;23m▆▆▆[0;48;2;28;26;23m  [0;38;2;12;11;9;48;2;28;26;23m│[0;48;2;28;26;23m  [0;38;2;61;220;116;48;2;28;26;23m▆▆▆[0;48;2;28;26;23m  [0;38;2;12;11;9;48;2;28;26;23m│[0;48;2;28;26;23m  [0;38;2;61;220;116;48;2;28;26;23m▆▆▆[0;48;2;28;26;23m  [0;38;2;12;11;9;48;2;28;26;23m│[0;48;2;28;26;23m  [0;38;2;61;220;116;48;2;28;26;23m▆▆▆[0;48;2;28;26;23m  [0;38;2;12;11;9;48;2;28;26;23m│[0;48;2;28;26;23m  [0;38;2;61;220;116;48;2;28;26;23m▆▆▆[0;48;2;28;26;23m  [0;38;2;12;11;9;48;2;28;26;23m│[0;48;2;28;26;23m  [0;38;2;61;220;116;48;2;28;26;23m▆▆▆[0;48;2;28;26;23m  [0;38;2;12;11;9;48;2;28;26;23m│[0;48;2;28;26;23m  [0;38;2;61;220;116;48;2;28;26;23m▆▆▆[0;48;2;28;26;23m  [0;38;2;12;11;9;48;2;28;26;23m│[0;48;2;28;26;23m     [0;38;2;58;53;45;48;2;28;26;23m│[0;48;2;28;26;23m                           [0;38;2;58;53;45;48;2;28;26;23m│[0;48;2;28;26;23m [0m
[0;48;2;28;26;23m       [0;38;2;61;220;116;48;2;28;26;23m▆▆▆[0;48;2;28;26;23m  [0;38;2;12;11;9;48;2;28;26;23m│[0;48;2;28;26;23m  [0;38;2;61;220;116;48;2;28;26;23m▆▆▆[0;48;2;28;26;23m  [0;38;2;12;11;9;48;2;28;26;23m│[0;48;2;28;26;23m  [0;38;2;61;220;116;48;2;28;26;23m▆▆▆[0;48;2;28;26;23m  [0;38;2;12;11;9;48;2;28;26;23m│[0;48;2;28;26;23m  [0;38;2;61;220;116;48;2;28;26;23m▆▆▆[0;48;2;28;26;23m  [0;38;2;12;11;9;48;2;28;26;23m│[0;48;2;28;26;23m  [0;38;2;61;220;116;48;2;28;26;23m▆▆▆[0;48;2;28;26;23m  [0;38;2;12;11;9;48;2;28;26;23m│[0;48;2;28;26;23m  [0;38;2;61;220;116;48;2;28;26;23m▆▆▆[0;48;2;28;26;23m  [0;38;2;12;11;9;48;2;28;26;23m│[0;48;2;28;26;23m  [0;38;2;61;220;116;48;2;28;26;23m▆▆▆[0;48;2;28;26;23m  [0;38;2;12;11;9;48;2;28;26;23m│[0;48;2;28;26;23m  [0;38;2;61;220;116;48;2;28;26;23m▆▆▆[0;48;2;28;26;23m  [0;38;2;12;11;9;48;2;28;26;23m│[0;48;2;28;26;23m  [0;38;2;61;220;116;48;2;28;26;23m▆▆▆[0;48;2;28;26;23m  [0;38;2;12;11;9;48;2;28;26;23m│[0;48;2;28;26;23m  [0;38;2;61;220;116;48;2;28;26;23m▆▆▆[0;48;2;28;26;23m  [0;38;2;12;11;9;48;2;28;26;23m│[0;48;2;28;26;23m     [0;38;2;58;53;45;48;2;28;26;23m│[0;48;2;28;26;23m [0;38;2;126;117;100;48;2;28;26;23mLIMIT[0;48;2;28;26;23m [0;38;2;58;35;32;48;2;28;26;23m●[0;48;2;28;26;23m     [0;38;2;126;117;100;48;2;28;26;23mPEAK[0;48;2;28;26;23m [0;38;2;255;181;71;48;2;11;10;7m  -6.0 [0;48;2;28;26;23m  [0;38;2;58;53;45;48;2;28;26;23m│[0;48;2;28;26;23m [0m
[0;48;2;28;26;23m       [0;38;2;61;220;116;48;2;28;26;23m▆▆▆[0;48;2;28;26;23m  [0;38;2;12;11;9;48;2;28;26;23m│[0;48;2;28;26;23m  [0;38;2;61;220;116;48;2;28;26;23m▆▆▆[0;48;2;28;26;23m  [0;38;2;12;11;9;48;2;28;26;23m│[0;48;2;28;26;23m  [0;38;2;61;220;116;48;2;28;26;23m▆▆▆[0;48;2;28;26;23m  [0;38;2;12;11;9;48;2;28;26;23m│[0;48;2;28;26;23m  [0;38;2;61;220;116;48;2;28;26;23m▆▆▆[0;48;2;28;26;23m  [0;38;2;12;11;9;48;2;28;26;23m│[0;48;2;28;26;23m  [0;38;2;61;220;116;48;2;28;26;23m▆▆▆[0;48;2;28;26;23m  [0;38;2;12;11;9;48;2;28;26;23m│[0;48;2;28;26;23m  [0;38;2;61;220;116;48;2;28;26;23m▆▆▆[0;48;2;28;26;23m  [0;38;2;12;11;9;48;2;28;26;23m│[0;48;2;28;26;23m  [0;38;2;61;220;116;48;2;28;26;23m▆▆▆[0;48;2;28;26;23m  [0;38;2;12;11;9;48;2;28;26;23m│[0;48;2;28;26;23m  [0;38;2;61;220;116;48;2;28;26;23m▆▆▆[0;48;2;28;26;23m  [0;38;2;12;11;9;48;2;28;26;23m│[0;48;2;28;26;23m  [0;38;2;61;220;116;48;2;28;26;23m▆▆▆[0;48;2;28;26;23m  [0;38;2;12;11;9;48;2;28;26;23m│[0;48;2;28;26;23m  [0;38;2;61;220;116;48;2;28;26;23m▆▆▆[0;48;2;28;26;23m  [0;38;2;12;11;9;48;2;28;26;23m│[0;48;2;28;26;23m     [0;38;2;58;53;45;48;2;28;26;23m│[0;48;2;28;26;23m                           [0;38;2;58;53;45;48;2;28;26;23m│[0;48;2;28;26;23m [0m
[0;48;2;28;26;23m [0;38;2;126;117;100;48;2;28;26;23m-60[0;48;2;28;26;23m   [0;38;2;61;220;116;48;2;28;26;23m▆▆▆[0;48;2;28;26;23m  [0;38;2;12;11;9;48;2;28;26;23m│[0;48;2;28;26;23m  [0;38;2;61;220;116;48;2;28;26;23m▆▆▆[0;48;2;28;26;23m  [0;38;2;12;11;9;48;2;28;26;23m│[0;48;2;28;26;23m  [0;38;2;61;220;116;48;2;28;26;23m▆▆▆[0;48;2;28;26;23m  [0;38;2;12;11;9;48;2;28;26;23m│[0;48;2;28;26;23m  [0;38;2;61;220;116;48;2;28;26;23m▆▆▆[0;48;2;28;26;23m  [0;38;2;12;11;9;48;2;28;26;23m│[0;48;2;28;26;23m  [0;38;2;61;220;116;48;2;28;26;23m▆▆▆[0;48;2;28;26;23m  [0;38;2;12;11;9;48;2;28;26;23m│[0;48;2;28;26;23m  [0;38;2;61;220;116;48;2;28;26;23m▆▆▆[0;48;2;28;26;23m  [0;38;2;12;11;9;48;2;28;26;23m│[0;48;2;28;26;23m  [0;38;2;61;220;116;48;2;28;26;23m▆▆▆[0;48;2;28;26;23m  [0;38;2;12;11;9;48;2;28;26;23m│[0;48;2;28;26;23m  [0;38;2;61;220;116;48;2;28;26;23m▆▆▆[0;48;2;28;26;23m  [0;38;2;12;11;9;48;2;28;26;23m│[0;48;2;28;26;23m  [0;38;2;61;220;116;48;2;28;26;23m▆▆▆[0;48;2;28;26;23m  [0;38;2;12;11;9;48;2;28;26;23m│[0;48;2;28;26;23m  [0;38;2;61;220;116;48;2;28;26;23m▆▆▆[0;48;2;28;26;23m  [0;38;2;12;11;9;48;2;28;26;23m│[0;48;2;28;26;23m     [0;38;2;58;53;45;48;2;28;26;23m│[0;48;2;28;26;23m [0;38;2;126;117;100;48;2;28;26;23mPREAMP[0;48;2;28;26;23m [0;38;2;59;54;46;48;2;28;26;23m───[0;38;2;216;209;194;48;2;28;26;23m█[0;38;2;59;54;46;48;2;28;26;23m─[0;38;2;126;117;100;48;2;28;26;23m┼[0;38;2;59;54;46;48;2;28;26;23m─────[0;48;2;28;26;23m [0;1;38;2;245;140;195;48;2;28;26;23m -4.8[0;48;2;28;26;23m  [0;38;2;58;53;45;48;2;28;26;23m│[0;48;2;28;26;23m [0m
[0;48;2;28;26;23m      [0;38;2;255;181;71;48;2;11;10;7m -9.0[0;48;2;28;26;23m [0;38;2;12;11;9;48;2;28;26;23m│[0;48;2;28;26;23m [0;38;2;255;181;71;48;2;11;10;7m -7.5[0;48;2;28;26;23m [0;38;2;12;11;9;48;2;28;26;23m│[0;48;2;28;26;23m [0;38;2;255;181;71;48;2;11;10;7m-11.0[0;48;2;28;26;23m [0;38;2;12;11;9;48;2;28;26;23m│[0;48;2;28;26;23m [0;38;2;255;181;71;48;2;11;10;7m-15.0[0;48;2;28;26;23m [0;38;2;12;11;9;48;2;28;26;23m│[0;48;2;28;26;23m [0;38;2;255;181;71;48;2;11;10;7m-19.0[0;48;2;28;26;23m [0;38;2;12;11;9;48;2;28;26;23m│[0;48;2;28;26;23m [0;38;2;255;181;71;48;2;11;10;7m-17.0[0;48;2;28;26;23m [0;38;2;12;11;9;48;2;28;26;23m│[0;48;2;28;26;23m [0;38;2;255;181;71;48;2;11;10;7m-22.0[0;48;2;28;26;23m [0;38;2;12;11;9;48;2;28;26;23m│[0;48;2;28;26;23m [0;38;2;255;181;71;48;2;11;10;7m-26.0[0;48;2;28;26;23m [0;38;2;12;11;9;48;2;28;26;23m│[0;48;2;28;26;23m [0;38;2;255;181;71;48;2;11;10;7m-29.0[0;48;2;28;26;23m [0;38;2;12;11;9;48;2;28;26;23m│[0;48;2;28;26;23m [0;38;2;255;181;71;48;2;11;10;7m-37.0[0;48;2;28;26;23m [0;38;2;12;11;9;48;2;28;26;23m│[0;48;2;28;26;23m     [0;38;2;58;53;45;48;2;28;26;23m│[0;48;2;28;26;23m                           [0;38;2;58;53;45;48;2;28;26;23m│[0;48;2;28;26;23m [0m
[0;48;2;28;26;23m [0;38;2;255;122;89;48;2;28;26;23mkck[0;48;2;28;26;23m        [0;38;2;12;11;9;48;2;28;26;23m│[0;38;2;255;122;89;48;2;28;26;23m━[0;48;2;28;26;23m [0;38;2;126;117;100;48;2;28;26;23mthump[0;38;2;12;11;9;48;2;28;26;23m│[0;38;2;255;122;89;48;2;28;26;23m━[0;48;2;28;26;23m      [0;38;2;12;11;9;48;2;28;26;23m│[0;48;2;28;26;23m       [0;38;2;12;11;9;48;2;28;26;23m│[0;48;2;28;26;23m       [0;38;2;12;11;9;48;2;28;26;23m│[0;48;2;28;26;23m       [0;38;2;12;11;9;48;2;28;26;23m│[0;48;2;28;26;23m   [0;38;2;255;122;89;48;2;28;26;23m━━━━━━━━━━━━[0;38;2;12;11;9;48;2;28;26;23m│[0;48;2;28;26;23m       [0;38;2;12;11;9;48;2;28;26;23m│[0;48;2;28;26;23m       [0;38;2;12;11;9;48;2;28;26;23m│[0;48;2;28;26;23m     [0;38;2;58;53;45;48;2;28;26;23m│[0;48;2;28;26;23m [0;1;38;2;134;224;166;48;2;46;42;36m ↗ [0;48;2;28;26;23m [0;38;2;126;117;100;48;2;28;26;23mBASS[0;48;2;28;26;23m [0;1;38;2;245;140;195;48;2;46;42;36m ↑ [0;48;2;28;26;23m [0;38;2;126;117;100;48;2;28;26;23mTREB[0;48;2;28;26;23m [0;1;38;2;244;236;216;48;2;46;42;36m ↑ [0;48;2;28;26;23m [0;38;2;126;117;100;48;2;28;26;23mTILT[0;38;2;58;53;45;48;2;28;26;23m│[0;48;2;28;26;23m [0m
[0;48;2;28;26;23m [0;38;2;255;174;87;48;2;28;26;23mbas[0;48;2;28;26;23m       [0;38;2;255;174;87;48;2;28;26;23m━━━━[0;48;2;28;26;23m [0;38;2;126;117;100;48;2;28;26;23mfundamental[0;48;2;28;26;23m [0;38;2;255;174;87;48;2;28;26;23m━━━━━[0;48;2;28;26;23m   [0;38;2;12;11;9;48;2;28;26;23m│[0;48;2;28;26;23m       [0;38;2;255;174;87;48;2;28;26;23m━━━━━━━[0;48;2;28;26;23m [0;38;2;12;11;9;48;2;28;26;23m│[0;48;2;28;26;23m       [0;38;2;12;11;9;48;2;28;26;23m│[0;48;2;28;26;23m       [0;38;2;12;11;9;48;2;28;26;23m│[0;48;2;28;26;23m       [0;38;2;12;11;9;48;2;28;26;23m│[0;48;2;28;26;23m       [0;38;2;12;11;9;48;2;28;26;23m│[0;48;2;28;26;23m     [0;38;2;58;53;45;48;2;28;26;23m│[0;48;2;28;26;23m [0;38;2;134;224;166;48;2;28;26;23m +1.0[0;48;2;28;26;23m    [0;38;2;245;140;195;48;2;28;26;23m -0.5[0;48;2;28;26;23m    [0;38;2;126;117;100;48;2;28;26;23m  0.0[0;48;2;28;26;23m   [0;38;2;58;53;45;48;2;28;26;23m│[0;48;2;28;26;23m [0m
[0;48;2;28;26;23m [0;38;2;255;217;102;48;2;28;26;23msnr[0;48;2;28;26;23m        [0;38;2;12;11;9;48;2;28;26;23m│[0;48;2;28;26;23m       [0;38;2;12;11;9;48;2;28;26;23m│[0;48;2;28;26;23m     [0;38;2;255;217;102;48;2;28;26;23m━━━━━━━[0;48;2;28;26;23m   [0;38;2;12;11;9;48;2;28;26;23m│[0;48;2;28;26;23m       [0;38;2;12;11;9;48;2;28;26;23m│[0;48;2;28;26;23m       [0;38;2;12;11;9;48;2;28;26;23m│[0;48;2;28;26;23m       [0;38;2;12;11;9;48;2;28;26;23m│[0;48;2;28;26;23m   [0;38;2;255;217;102;48;2;28;26;23m━━━━━━[0;48;2;28;26;23m      [0;38;2;12;11;9;48;2;28;26;23m│[0;48;2;28;26;23m       [0;38;2;12;11;9;48;2;28;26;23m│[0;48;2;28;26;23m     [0;38;2;58;53;45;48;2;28;26;23m│[0;48;2;28;26;23m                           [0;38;2;58;53;45;48;2;28;26;23m│[0;48;2;28;26;23m [0m
[0;48;2;28;26;23m [0;38;2;181;227;107;48;2;28;26;23mgtr[0;48;2;28;26;23m        [0;38;2;12;11;9;48;2;28;26;23m│[0;48;2;28;26;23m      [0;38;2;181;227;107;48;2;28;26;23m━━━━━━━━━━━━━[0;48;2;28;26;23m [0;38;2;126;117;100;48;2;28;26;23mbody[0;48;2;28;26;23m [0;38;2;181;227;107;48;2;28;26;23m━━━━━━━━━━━━━[0;48;2;28;26;23m [0;38;2;12;11;9;48;2;28;26;23m│[0;48;2;28;26;23m   [0;38;2;181;227;107;48;2;28;26;23m━━━[0;48;2;28;26;23m [0;38;2;126;117;100;48;2;28;26;23mbite[0;48;2;28;26;23m [0;38;2;181;227;107;48;2;28;26;23m━━━[0;38;2;12;11;9;48;2;28;26;23m│[0;48;2;28;26;23m       [0;38;2;12;11;9;48;2;28;26;23m│[0;48;2;28;26;23m       [0;38;2;12;11;9;48;2;28;26;23m│[0;48;2;28;26;23m     [0;38;2;58;53;45;48;2;28;26;23m│[0;48;2;28;26;23m [0;38;2;126;117;100;48;2;28;26;23mINSTRUMENT KNOBS[0;48;2;28;26;23m          [0;38;2;58;53;45;48;2;28;26;23m│[0;48;2;28;26;23m [0m
[0;48;2;28;26;23m [0;38;2;79;214;196;48;2;28;26;23mpno[0;48;2;28;26;23m  [0;38;2;79;214;196;48;2;28;26;23m━━━━━━━━━━━━━━━━━━━━━━[0;38;2;12;11;9;48;2;28;26;23m│[0;38;2;126;117;100;48;2;28;26;23mfundamental[0;48;2;28;26;23m [0;38;2;79;214;196;48;2;28;26;23m━━━━━━━━━━━━━━━━━━━━━━━[0;48;2;28;26;23m [0;38;2;79;214;196;48;2;28;26;23m━━━━━━━━[0;48;2;28;26;23m   [0;38;2;12;11;9;48;2;28;26;23m│[0;48;2;28;26;23m       [0;38;2;12;11;9;48;2;28;26;23m│[0;48;2;28;26;23m     [0;38;2;58;53;45;48;2;28;26;23m│[0;48;2;28;26;23m [0;1;38;2;244;236;216;48;2;46;42;36m ↑ [0;48;2;28;26;23m [0;38;2;255;122;89;48;2;28;26;23mKCK[0;48;2;28;26;23m  [0;1;38;2;244;236;216;48;2;46;42;36m ↑ [0;48;2;28;26;23m [0;38;2;255;174;87;48;2;28;26;23mBAS[0;48;2;28;26;23m  [0;1;38;2;244;236;216;48;2;46;42;36m ↑ [0;48;2;28;26;23m [0;38;2;255;217;102;48;2;28;26;23mSNR[0;48;2;28;26;23m [0;38;2;58;53;45;48;2;28;26;23m│[0;48;2;28;26;23m [0m
[0;48;2;28;26;23m [0;38;2;108;182;255;48;2;28;26;23mvox[0;48;2;28;26;23m        [0;38;2;12;11;9;48;2;28;26;23m│[0;48;2;28;26;23m      [0;38;2;108;182;255;48;2;28;26;23m━━━━━━━━━━━━━━[0;48;2;28;26;23m [0;38;2;108;182;255;48;2;28;26;23m━━━━[0;48;2;28;26;23m [0;38;2;126;117;100;48;2;28;26;23mF1[0;48;2;28;26;23m [0;38;2;108;182;255;48;2;28;26;23m━━━━━[0;48;2;28;26;23m [0;38;2;108;182;255;48;2;28;26;23m━━━[0;48;2;28;26;23m [0;38;2;126;117;100;48;2;28;26;23mF2[0;48;2;28;26;23m [0;38;2;108;182;255;48;2;28;26;23m━━━[0;48;2;28;26;23m [0;38;2;108;182;255;48;2;28;26;23m━━━━━━━━[0;48;2;28;26;23m [0;38;2;108;182;255;48;2;28;26;23m━━━━━━[0;48;2;28;26;23m  [0;38;2;12;11;9;48;2;28;26;23m│[0;48;2;28;26;23m       [0;38;2;12;11;9;48;2;28;26;23m│[0;48;2;28;26;23m     [0;38;2;58;53;45;48;2;28;26;23m│[0;48;2;28;26;23m [0;38;2;126;117;100;48;2;28;26;23m  0.0[0;48;2;28;26;23m    [0;38;2;126;117;100;48;2;28;26;23m  0.0[0;48;2;28;26;23m    [0;38;2;126;117;100;48;2;28;26;23m  0.0[0;48;2;28;26;23m   [0;38;2;58;53;45;48;2;28;26;23m│[0;48;2;28;26;23m [0m
[0;48;2;28;26;23m [0;38;2;93;80;123;48;2;28;26;23mcym[0;48;2;28;26;23m        [0;38;2;12;11;9;48;2;28;26;23m│[0;48;2;28;26;23m       [0;38;2;12;11;9;48;2;28;26;23m│[0;48;2;28;26;23m       [0;38;2;12;11;9;48;2;28;26;23m│[0;48;2;28;26;23m       [0;38;2;12;11;9;48;2;28;26;23m│[0;48;2;28;26;23m       [0;38;2;12;11;9;48;2;28;26;23m│[0;48;2;28;26;23m       [0;38;2;12;11;9;48;2;28;26;23m│[0;48;2;28;26;23m       [0;38;2;12;11;9;48;2;28;26;23m│[0;48;2;28;26;23m       [0;38;2;12;11;9;48;2;28;26;23m│[0;38;2;93;80;123;48;2;28;26;23m━[0;48;2;28;26;23m [0;38;2;126;117;100;48;2;28;26;23mshimmer[0;48;2;28;26;23m [0;38;2;93;80;123;48;2;28;26;23m━━[0;48;2;28;26;23m   [0;38;2;12;11;9;48;2;28;26;23m│[0;48;2;28;26;23m     [0;38;2;58;53;45;48;2;28;26;23m│[0;48;2;28;26;23m                           [0;38;2;58;53;45;48;2;28;26;23m│[0;48;2;28;26;23m [0m
[0;48;2;28;26;23m [0;38;2;120;74;105;48;2;28;26;23mair[0;48;2;28;26;23m        [0;38;2;12;11;9;48;2;28;26;23m│[0;48;2;28;26;23m       [0;38;2;12;11;9;48;2;28;26;23m│[0;48;2;28;26;23m       [0;38;2;12;11;9;48;2;28;26;23m│[0;48;2;28;26;23m       [0;38;2;12;11;9;48;2;28;26;23m│[0;48;2;28;26;23m       [0;38;2;12;11;9;48;2;28;26;23m│[0;48;2;28;26;23m       [0;38;2;12;11;9;48;2;28;26;23m│[0;48;2;28;26;23m       [0;38;2;12;11;9;48;2;28;26;23m│[0;48;2;28;26;23m       [0;38;2;12;11;9;48;2;28;26;23m│[0;48;2;28;26;23m      [0;38;2;120;74;105;48;2;28;26;23m━━━━━━━━━[0;38;2;12;11;9;48;2;28;26;23m│[0;48;2;28;26;23m     [0;38;2;58;53;45;48;2;28;26;23m│[0;48;2;28;26;23m [0;1;38;2;244;236;216;48;2;46;42;36m ↑ [0;48;2;28;26;23m [0;38;2;181;227;107;48;2;28;26;23mGTR[0;48;2;28;26;23m  [0;1;38;2;244;236;216;48;2;46;42;36m ↑ [0;48;2;28;26;23m [0;38;2;79;214;196;48;2;28;26;23mPNO[0;48;2;28;26;23m  [0;1;38;2;134;224;166;48;2;46;42;36m ↗ [0;48;2;28;26;23m [0;38;2;108;182;255;48;2;28;26;23mVOX[0;48;2;28;26;23m [0;38;2;58;53;45;48;2;28;26;23m│[0;48;2;28;26;23m [0m
[0;48;2;28;26;23m        [0;38;2;59;54;46;48;2;28;26;23m│[0;48;2;28;26;23m   [0;38;2;12;11;9;48;2;28;26;23m│[0;48;2;28;26;23m   [0;38;2;59;54;46;48;2;28;26;23m│[0;48;2;28;26;23m   [0;38;2;12;11;9;48;2;28;26;23m│[0;48;2;28;26;23m   [0;38;2;59;54;46;48;2;28;26;23m│[0;48;2;28;26;23m   [0;38;2;12;11;9;48;2;28;26;23m│[0;48;2;28;26;23m   [0;38;2;59;54;46;48;2;28;26;23m│[0;48;2;28;26;23m   [0;38;2;12;11;9;48;2;28;26;23m│[0;48;2;28;26;23m   [0;38;2;59;54;46;48;2;28;26;23m│[0;48;2;28;26;23m   [0;38;2;12;11;9;48;2;28;26;23m│[0;48;2;28;26;23m   [0;38;2;59;54;46;48;2;28;26;23m│[0;48;2;28;26;23m   [0;38;2;12;11;9;48;2;28;26;23m│[0;48;2;28;26;23m   [0;38;2;59;54;46;48;2;28;26;23m│[0;48;2;28;26;23m   [0;38;2;12;11;9;48;2;28;26;23m│[0;48;2;28;26;23m   [0;38;2;59;54;46;48;2;28;26;23m│[0;48;2;28;26;23m   [0;38;2;12;11;9;48;2;28;26;23m│[0;48;2;28;26;23m   [0;38;2;59;54;46;48;2;28;26;23m│[0;48;2;28;26;23m   [0;38;2;12;11;9;48;2;28;26;23m│[0;48;2;28;26;23m   [0;38;2;59;54;46;48;2;28;26;23m│[0;48;2;28;26;23m   [0;38;2;12;11;9;48;2;28;26;23m│[0;48;2;28;26;23m     [0;38;2;58;53;45;48;2;28;26;23m│[0;48;2;28;26;23m [0;38;2;126;117;100;48;2;28;26;23m  0.0[0;48;2;28;26;23m    [0;38;2;126;117;100;48;2;28;26;23m  0.0[0;48;2;28;26;23m    [0;38;2;134;224;166;48;2;28;26;23m +3.0[0;48;2;28;26;23m   [0;38;2;58;53;45;48;2;28;26;23m│[0;48;2;28;26;23m [0m
[0;48;2;28;26;23m        [0;38;2;59;54;46;48;2;28;26;23m│[0;48;2;28;26;23m   [0;38;2;12;11;9;48;2;28;26;23m│[0;48;2;28;26;23m   [0;38;2;59;54;46;48;2;28;26;23m│[0;48;2;28;26;23m   [0;38;2;12;11;9;48;2;28;26;23m│[0;48;2;28;26;23m   [0;38;2;59;54;46;48;2;28;26;23m│[0;48;2;28;26;23m   [0;38;2;12;11;9;48;2;28;26;23m│[0;48;2;28;26;23m   [0;38;2;59;54;46;48;2;28;26;23m│[0;48;2;28;26;23m   [0;38;2;12;11;9;48;2;28;26;23m│[0;48;2;28;26;23m   [0;38;2;59;54;46;48;2;28;26;23m│[0;48;2;28;26;23m   [0;38;2;12;11;9;48;2;28;26;23m│[0;48;2;28;26;23m   [0;38;2;59;54;46;48;2;28;26;23m│[0;48;2;28;26;23m   [0;38;2;12;11;9;48;2;28;26;23m│[0;48;2;28;26;23m   [0;38;2;59;54;46;48;2;28;26;23m│[0;48;2;28;26;23m   [0;38;2;12;11;9;48;2;28;26;23m│[0;48;2;28;26;23m   [0;38;2;59;54;46;48;2;28;26;23m│[0;48;2;28;26;23m   [0;38;2;12;11;9;48;2;28;26;23m│[0;48;2;28;26;23m   [0;38;2;59;54;46;48;2;28;26;23m│[0;48;2;28;26;23m   [0;38;2;12;11;9;48;2;28;26;23m│[0;48;2;28;26;23m   [0;38;2;59;54;46;48;2;28;26;23m│[0;48;2;28;26;23m   [0;38;2;12;11;9;48;2;28;26;23m│[0;48;2;28;26;23m     [0;38;2;58;53;45;48;2;28;26;23m│[0;48;2;28;26;23m                           [0;38;2;58;53;45;48;2;28;26;23m│[0;48;2;28;26;23m [0m
[0;48;2;28;26;23m      [0;38;2;216;209;194;48;2;28;26;23m▐███▌[0;48;2;28;26;23m [0;38;2;12;11;9;48;2;28;26;23m│[0;48;2;28;26;23m   [0;38;2;59;54;46;48;2;28;26;23m│[0;48;2;28;26;23m   [0;38;2;12;11;9;48;2;28;26;23m│[0;48;2;28;26;23m   [0;38;2;59;54;46;48;2;28;26;23m│[0;48;2;28;26;23m   [0;38;2;12;11;9;48;2;28;26;23m│[0;48;2;28;26;23m   [0;38;2;59;54;46;48;2;28;26;23m│[0;48;2;28;26;23m   [0;38;2;12;11;9;48;2;28;26;23m│[0;48;2;28;26;23m   [0;38;2;59;54;46;48;2;28;26;23m│[0;48;2;28;26;23m   [0;38;2;12;11;9;48;2;28;26;23m│[0;48;2;28;26;23m   [0;38;2;59;54;46;48;2;28;26;23m│[0;48;2;28;26;23m   [0;38;2;12;11;9;48;2;28;26;23m│[0;48;2;28;26;23m   [0;38;2;59;54;46;48;2;28;26;23m│[0;48;2;28;26;23m   [0;38;2;12;11;9;48;2;28;26;23m│[0;48;2;28;26;23m   [0;38;2;59;54;46;48;2;28;26;23m│[0;48;2;28;26;23m   [0;38;2;12;11;9;48;2;28;26;23m│[0;48;2;28;26;23m   [0;38;2;59;54;46;48;2;28;26;23m│[0;48;2;28;26;23m   [0;38;2;12;11;9;48;2;28;26;23m│[0;48;2;28;26;23m   [0;38;2;59;54;46;48;2;28;26;23m│[0;48;2;28;26;23m   [0;38;2;12;11;9;48;2;28;26;23m│[0;48;2;28;26;23m     [0;38;2;58;53;45;48;2;28;26;23m│[0;48;2;28;26;23m [0;1;38;2;244;236;216;48;2;46;42;36m ↑ [0;48;2;28;26;23m [0;38;2;185;156;255;48;2;28;26;23mCYM[0;48;2;28;26;23m  [0;1;38;2;244;236;216;48;2;46;42;36m ↑ [0;48;2;28;26;23m [0;38;2;245;144;214;48;2;28;26;23mAIR[0;48;2;28;26;23m          [0;38;2;58;53;45;48;2;28;26;23m│[0;48;2;28;26;23m [0m
[0;48;2;28;26;23m        [0;38;2;134;224;166;48;2;28;26;23m┃[0;48;2;28;26;23m   [0;38;2;12;11;9;48;2;28;26;23m│[0;48;2;28;26;23m [0;38;2;216;209;194;48;2;28;26;23m▐███▌[0;48;2;28;26;23m [0;38;2;12;11;9;48;2;28;26;23m│[0;48;2;28;26;23m [0;38;2;216;209;194;48;2;28;26;23m▐███▌[0;48;2;28;26;23m [0;38;2;12;11;9;48;2;28;26;23m│[0;48;2;28;26;23m [0;38;2;216;209;194;48;2;28;26;23m▐███▌[0;48;2;28;26;23m [0;38;2;12;11;9;48;2;28;26;23m│[0;48;2;28;26;23m   [0;38;2;59;54;46;48;2;28;26;23m│[0;48;2;28;26;23m   [0;38;2;12;11;9;48;2;28;26;23m│[0;48;2;28;26;23m   [0;38;2;59;54;46;48;2;28;26;23m│[0;48;2;28;26;23m   [0;38;2;12;11;9;48;2;28;26;23m│[0;48;2;28;26;23m   [0;38;2;59;54;46;48;2;28;26;23m│[0;48;2;28;26;23m   [0;38;2;12;11;9;48;2;28;26;23m│[0;48;2;28;26;23m   [0;38;2;59;54;46;48;2;28;26;23m│[0;48;2;28;26;23m   [0;38;2;12;11;9;48;2;28;26;23m│[0;48;2;28;26;23m [0;38;2;216;209;194;48;2;28;26;23m▐███▌[0;48;2;28;26;23m [0;38;2;12;11;9;48;2;28;26;23m│[0;48;2;28;26;23m [0;38;2;216;209;194;48;2;28;26;23m▐███▌[0;48;2;28;26;23m [0;38;2;12;11;9;48;2;28;26;23m│[0;48;2;28;26;23m     [0;38;2;58;53;45;48;2;28;26;23m│[0;48;2;28;26;23m [0;38;2;126;117;100;48;2;28;26;23m  0.0[0;48;2;28;26;23m    [0;38;2;126;117;100;48;2;28;26;23m  0.0[0;48;2;28;26;23m            [0;38;2;58;53;45;48;2;28;26;23m│[0;48;2;28;26;23m [0m
[0;48;2;28;26;23m      [0;38;2;126;117;100;48;2;28;26;23m╶─[0;38;2;134;224;166;48;2;28;26;23m┃[0;38;2;126;117;100;48;2;28;26;23m─╴[0;48;2;28;26;23m [0;38;2;12;11;9;48;2;28;26;23m│[0;48;2;28;26;23m [0;38;2;126;117;100;48;2;28;26;23m╶─[0;38;2;134;224;166;48;2;28;26;23m┃[0;38;2;126;117;100;48;2;28;26;23m─╴[0;48;2;28;26;23m [0;38;2;12;11;9;48;2;28;26;23m│[0;48;2;28;26;23m [0;38;2;126;117;100;48;2;28;26;23m╶─[0;38;2;134;224;166;48;2;28;26;23m┃[0;38;2;126;117;100;48;2;28;26;23m─╴[0;48;2;28;26;23m [0;38;2;12;11;9;48;2;28;26;23m│[0;48;2;28;26;23m [0;38;2;126;117;100;48;2;28;26;23m╶─[0;38;2;134;224;166;48;2;28;26;23m┃[0;38;2;126;117;100;48;2;28;26;23m─╴[0;48;2;28;26;23m [0;38;2;12;11;9;48;2;28;26;23m│[0;48;2;28;26;23m [0;38;2;216;209;194;48;2;28;26;23m▐███▌[0;48;2;28;26;23m [0;38;2;12;11;9;48;2;28;26;23m│[0;48;2;28;26;23m [0;38;2;126;117;100;48;2;28;26;23m╶─[0;38;2;245;140;195;48;2;28;26;23m┃[0;38;2;126;117;100;48;2;28;26;23m─╴[0;48;2;28;26;23m [0;38;2;12;11;9;48;2;28;26;23m│[0;48;2;28;26;23m [0;38;2;216;209;194;48;2;28;26;23m▐███▌[0;48;2;28;26;23m [0;38;2;12;11;9;48;2;28;26;23m│[0;48;2;28;26;23m [0;38;2;216;209;194;48;2;28;26;23m▐███▌[0;48;2;28;26;23m [0;38;2;12;11;9;48;2;28;26;23m│[0;48;2;28;26;23m [0;38;2;126;117;100;48;2;28;26;23m╶─[0;38;2;134;224;166;48;2;28;26;23m┃[0;38;2;126;117;100;48;2;28;26;23m─╴[0;48;2;28;26;23m [0;38;2;12;11;9;48;2;28;26;23m│[0;48;2;28;26;23m [0;38;2;126;117;100;48;2;28;26;23m╶─[0;38;2;134;224;166;48;2;28;26;23m┃[0;38;2;126;117;100;48;2;28;26;23m─╴[0;48;2;28;26;23m [0;38;2;12;11;9;48;2;28;26;23m│[0;48;2;28;26;23m     [0;38;2;58;53;45;48;2;28;26;23m│[0;48;2;28;26;23m                           [0;38;2;58;53;45;48;2;28;26;23m│[0;48;2;28;26;23m [0m
[0;48;2;28;26;23m        [0;38;2;59;54;46;48;2;28;26;23m│[0;48;2;28;26;23m   [0;38;2;12;11;9;48;2;28;26;23m│[0;48;2;28;26;23m   [0;38;2;59;54;46;48;2;28;26;23m│[0;48;2;28;26;23m   [0;38;2;12;11;9;48;2;28;26;23m│[0;48;2;28;26;23m   [0;38;2;59;54;46;48;2;28;26;23m│[0;48;2;28;26;23m   [0;38;2;12;11;9;48;2;28;26;23m│[0;48;2;28;26;23m   [0;38;2;59;54;46;48;2;28;26;23m│[0;48;2;28;26;23m   [0;38;2;12;11;9;48;2;28;26;23m│[0;48;2;28;26;23m   [0;38;2;59;54;46;48;2;28;26;23m│[0;48;2;28;26;23m   [0;38;2;12;11;9;48;2;28;26;23m│[0;48;2;28;26;23m [0;38;2;240;162;74;48;2;28;26;23m▐███▌[0;48;2;28;26;23m [0;38;2;12;11;9;48;2;28;26;23m│[0;48;2;28;26;23m   [0;38;2;59;54;46;48;2;28;26;23m│[0;48;2;28;26;23m   [0;38;2;12;11;9;48;2;28;26;23m│[0;48;2;28;26;23m   [0;38;2;59;54;46;48;2;28;26;23m│[0;48;2;28;26;23m   [0;38;2;12;11;9;48;2;28;26;23m│[0;48;2;28;26;23m   [0;38;2;59;54;46;48;2;28;26;23m│[0;48;2;28;26;23m   [0;38;2;12;11;9;48;2;28;26;23m│[0;48;2;28;26;23m   [0;38;2;59;54;46;48;2;28;26;23m│[0;48;2;28;26;23m   [0;38;2;12;11;9;48;2;28;26;23m│[0;48;2;28;26;23m     [0;38;2;58;53;45;48;2;28;26;23m│[0;48;2;28;26;23m [0;38;2;126;117;100;48;2;28;26;23mCOLOUR[0;48;2;28;26;23m [0;1;38;2;240;162;74;48;2;28;26;23mTAPE[0;48;2;28;26;23m  [0;38;2;240;162;74;48;2;28;26;23m▆▆▆[0;38;2;58;35;32;48;2;28;26;23m▆▆▆▆▆▆▆[0;48;2;28;26;23m   [0;38;2;58;53;45;48;2;28;26;23m│[0;48;2;28;26;23m [0m
[0;48;2;28;26;23m        [0;38;2;59;54;46;48;2;28;26;23m│[0;48;2;28;26;23m   [0;38;2;12;11;9;48;2;28;26;23m│[0;48;2;28;26;23m   [0;38;2;59;54;46;48;2;28;26;23m│[0;48;2;28;26;23m   [0;38;2;12;11;9;48;2;28;26;23m│[0;48;2;28;26;23m   [0;38;2;59;54;46;48;2;28;26;23m│[0;48;2;28;26;23m   [0;38;2;12;11;9;48;2;28;26;23m│[0;48;2;28;26;23m   [0;38;2;59;54;46;48;2;28;26;23m│[0;48;2;28;26;23m   [0;38;2;12;11;9;48;2;28;26;23m│[0;48;2;28;26;23m   [0;38;2;59;54;46;48;2;28;26;23m│[0;48;2;28;26;23m   [0;38;2;12;11;9;48;2;28;26;23m│[0;48;2;28;26;23m   [0;38;2;59;54;46;48;2;28;26;23m│[0;48;2;28;26;23m   [0;38;2;12;11;9;48;2;28;26;23m│[0;48;2;28;26;23m   [0;38;2;59;54;46;48;2;28;26;23m│[0;48;2;28;26;23m   [0;38;2;12;11;9;48;2;28;26;23m│[0;48;2;28;26;23m   [0;38;2;59;54;46;48;2;28;26;23m│[0;48;2;28;26;23m   [0;38;2;12;11;9;48;2;28;26;23m│[0;48;2;28;26;23m   [0;38;2;59;54;46;48;2;28;26;23m│[0;48;2;28;26;23m   [0;38;2;12;11;9;48;2;28;26;23m│[0;48;2;28;26;23m   [0;38;2;59;54;46;48;2;28;26;23m│[0;48;2;28;26;23m   [0;38;2;12;11;9;48;2;28;26;23m│[0;48;2;28;26;23m     [0;38;2;58;53;45;48;2;28;26;23m│[0;48;2;28;26;23m                           [0;38;2;58;53;45;48;2;28;26;23m│[0;48;2;28;26;23m [0m
[0;48;2;28;26;23m        [0;38;2;59;54;46;48;2;28;26;23m│[0;48;2;28;26;23m   [0;38;2;12;11;9;48;2;28;26;23m│[0;48;2;28;26;23m   [0;38;2;59;54;46;48;2;28;26;23m│[0;48;2;28;26;23m   [0;38;2;12;11;9;48;2;28;26;23m│[0;48;2;28;26;23m   [0;38;2;59;54;46;48;2;28;26;23m│[0;48;2;28;26;23m   [0;38;2;12;11;9;48;2;28;26;23m│[0;48;2;28;26;23m   [0;38;2;59;54;46;48;2;28;26;23m│[0;48;2;28;26;23m   [0;38;2;12;11;9;48;2;28;26;23m│[0;48;2;28;26;23m   [0;38;2;59;54;46;48;2;28;26;23m│[0;48;2;28;26;23m   [0;38;2;12;11;9;48;2;28;26;23m│[0;48;2;28;26;23m   [0;38;2;59;54;46;48;2;28;26;23m│[0;48;2;28;26;23m   [0;38;2;12;11;9;48;2;28;26;23m│[0;48;2;28;26;23m   [0;38;2;59;54;46;48;2;28;26;23m│[0;48;2;28;26;23m   [0;38;2;12;11;9;48;2;28;26;23m│[0;48;2;28;26;23m   [0;38;2;59;54;46;48;2;28;26;23m│[0;48;2;28;26;23m   [0;38;2;12;11;9;48;2;28;26;23m│[0;48;2;28;26;23m   [0;38;2;59;54;46;48;2;28;26;23m│[0;48;2;28;26;23m   [0;38;2;12;11;9;48;2;28;26;23m│[0;48;2;28;26;23m   [0;38;2;59;54;46;48;2;28;26;23m│[0;48;2;28;26;23m   [0;38;2;12;11;9;48;2;28;26;23m│[0;48;2;28;26;23m     [0;38;2;58;53;45;48;2;28;26;23m│[0;48;2;28;26;23m                           [0;38;2;58;53;45;48;2;28;26;23m│[0;48;2;28;26;23m [0m
[0;48;2;28;26;23m        [0;38;2;59;54;46;48;2;28;26;23m│[0;48;2;28;26;23m   [0;38;2;12;11;9;48;2;28;26;23m│[0;48;2;28;26;23m   [0;38;2;59;54;46;48;2;28;26;23m│[0;48;2;28;26;23m   [0;38;2;12;11;9;48;2;28;26;23m│[0;48;2;28;26;23m   [0;38;2;59;54;46;48;2;28;26;23m│[0;48;2;28;26;23m   [0;38;2;12;11;9;48;2;28;26;23m│[0;48;2;28;26;23m   [0;38;2;59;54;46;48;2;28;26;23m│[0;48;2;28;26;23m   [0;38;2;12;11;9;48;2;28;26;23m│[0;48;2;28;26;23m   [0;38;2;59;54;46;48;2;28;26;23m│[0;48;2;28;26;23m   [0;38;2;12;11;9;48;2;28;26;23m│[0;48;2;28;26;23m   [0;38;2;59;54;46;48;2;28;26;23m│[0;48;2;28;26;23m   [0;38;2;12;11;9;48;2;28;26;23m│[0;48;2;28;26;23m   [0;38;2;59;54;46;48;2;28;26;23m│[0;48;2;28;26;23m   [0;38;2;12;11;9;48;2;28;26;23m│[0;48;2;28;26;23m   [0;38;2;59;54;46;48;2;28;26;23m│[0;48;2;28;26;23m   [0;38;2;12;11;9;48;2;28;26;23m│[0;48;2;28;26;23m   [0;38;2;59;54;46;48;2;28;26;23m│[0;48;2;28;26;23m   [0;38;2;12;11;9;48;2;28;26;23m│[0;48;2;28;26;23m   [0;38;2;59;54;46;48;2;28;26;23m│[0;48;2;28;26;23m   [0;38;2;12;11;9;48;2;28;26;23m│[0;48;2;28;26;23m     [0;38;2;58;53;45;48;2;28;26;23m│[0;48;2;28;26;23m                           [0;38;2;58;53;45;48;2;28;26;23m│[0;48;2;28;26;23m [0m
[0;48;2;28;26;23m      [0;1;38;2;134;224;166;48;2;28;26;23m+4.8[0;48;2;28;26;23m  [0;38;2;12;11;9;48;2;28;26;23m│[0;48;2;28;26;23m [0;1;38;2;134;224;166;48;2;28;26;23m+4.0[0;48;2;28;26;23m  [0;38;2;12;11;9;48;2;28;26;23m│[0;48;2;28;26;23m [0;1;38;2;134;224;166;48;2;28;26;23m+4.2[0;48;2;28;26;23m  [0;38;2;12;11;9;48;2;28;26;23m│[0;48;2;28;26;23m [0;1;38;2;134;224;166;48;2;28;26;23m+2.3[0;48;2;28;26;23m  [0;38;2;12;11;9;48;2;28;26;23m│[0;48;2;28;26;23m  [0;1;38;2;126;117;100;48;2;28;26;23m0.0[0;48;2;28;26;23m  [0;38;2;12;11;9;48;2;28;26;23m│[0;48;2;28;26;23m [0;1;38;2;245;140;195;48;2;28;26;23m-3.1[0;48;2;28;26;23m  [0;38;2;12;11;9;48;2;28;26;23m│[0;48;2;28;26;23m  [0;1;38;2;126;117;100;48;2;28;26;23m0.0[0;48;2;28;26;23m  [0;38;2;12;11;9;48;2;28;26;23m│[0;48;2;28;26;23m  [0;1;38;2;126;117;100;48;2;28;26;23m0.0[0;48;2;28;26;23m  [0;38;2;12;11;9;48;2;28;26;23m│[0;48;2;28;26;23m [0;1;38;2;134;224;166;48;2;28;26;23m+3.1[0;48;2;28;26;23m  [0;38;2;12;11;9;48;2;28;26;23m│[0;48;2;28;26;23m [0;1;38;2;134;224;166;48;2;28;26;23m+2.4[0;48;2;28;26;23m  [0;38;2;12;11;9;48;2;28;26;23m│[0;48;2;28;26;23m     [0;38;2;58;53;45;48;2;28;26;23m│[0;48;2;28;26;23m                           [0;38;2;58;53;45;48;2;28;26;23m│[0;48;2;28;26;23m [0m
[0;48;2;28;26;23m                                                                                          [0;38;2;58;53;45;48;2;28;26;23m╰───────────────────────────╯[0;48;2;28;26;23m [0m
[0;48;2;28;26;23m [0;1;38;2;61;220;116;48;2;28;26;23m✓ [0;38;2;185;174;151;48;2;28;26;23msaved: band 1 kHz -3.0 dB[0;48;2;28;26;23m                                                                                            [0m
[0;1;38;2;244;236;216;48;2;52;48;42m 1…0 [0;38;2;126;117;100;48;2;28;26;23m band  [0;1;38;2;244;236;216;48;2;52;48;42m ⇧ [0;38;2;126;117;100;48;2;28;26;23m down  [0;1;38;2;244;236;216;48;2;52;48;42m z [0;38;2;126;117;100;48;2;28;26;23m zones on  [0;1;38;2;244;236;216;48;2;52;48;42m i [0;38;2;126;117;100;48;2;28;26;23m instruments  [0;1;38;2;244;236;216;48;2;52;48;42m [ ] [0;38;2;126;117;100;48;2;28;26;23m focus  [0;1;38;2;244;236;216;48;2;52;48;42m +− [0;38;2;126;117;100;48;2;28;26;23m preamp  [0;1;38;2;244;236;216;48;2;52;48;42m p [0;38;2;126;117;100;48;2;28;26;23m preset  [0;1;38;2;244;236;216;48;2;52;48;42m u [0;38;2;126;117;100;48;2;28;26;23m undo  [0;1;38;2;244;236;216;48;2;52;48;42m ? [0;38;2;126;117;100;48;2;28;26;23m keys  [0;1;38;2;244;236;216;48;2;52;48;42m q [0;38;2;126;117;100;48;2;28;26;23m quit[0;48;2;28;26;23m [0m
