[0;48;2;35;32;28m [0;38;2;126;117;100;48;2;35;32;28mDEVICE [0;1;38;2;244;236;216;48;2;35;32;28mBE-RCA[0;48;2;35;32;28m   [0;38;2;126;117;100;48;2;35;32;28mRATE [0;1;38;2;236;227;207;48;2;35;32;28m44.1k[0;48;2;35;32;28m   [0;38;2;126;117;100;48;2;35;32;28mPRESET [0;1;38;2;244;236;216;48;2;35;32;28mfavourite*[0;48;2;35;32;28m   [0;38;2;126;117;100;48;2;35;32;28mVOICE [0;1;38;2;134;224;166;48;2;35;32;28m+3.0[0;48;2;35;32;28m                                 [0;38;2;58;35;32;48;2;35;32;28m●[0;48;2;35;32;28m [0;38;2;126;117;100;48;2;35;32;28mSOLO[0;48;2;35;32;28m  [0;38;2;58;35;32;48;2;35;32;28m●[0;48;2;35;32;28m [0;38;2;126;117;100;48;2;35;32;28mBYPASS[0;48;2;35;32;28m  [0;38;2;58;35;32;48;2;35;32;28m●[0;48;2;35;32;28m [0;38;2;126;117;100;48;2;35;32;28mLIMIT[0;48;2;35;32;28m  [0m
[0;48;2;28;26;23m [0;48;2;52;48;42m [0;4;38;2;240;162;74;48;2;52;48;42mM[0;38;2;185;174;151;48;2;52;48;42mETER [0;48;2;28;26;23m [0;48;2;52;48;42m [0;4;38;2;240;162;74;48;2;52;48;42mT[0;38;2;185;174;151;48;2;52;48;42mUNE [0;48;2;28;26;23m [0;48;2;52;48;42m [0;4;38;2;240;162;74;48;2;52;48;42mI[0;38;2;185;174;151;48;2;52;48;42mNSTRUMENTS [0;48;2;28;26;23m [0;48;2;52;48;42m [0;4;38;2;240;162;74;48;2;52;48;42mP[0;38;2;185;174;151;48;2;52;48;42mRESETS [0;48;2;28;26;23m [0;48;2;52;48;42m [0;4;38;2;240;162;74;48;2;52;48;42mD[0;38;2;185;174;151;48;2;52;48;42mEVICES [0;48;2;28;26;23m [0;48;2;52;48;42m [0;4;38;2;240;162;74;48;2;52;48;42mF[0;38;2;185;174;151;48;2;52;48;42mILTERS [0;48;2;28;26;23m [0;48;2;52;48;42m [0;4;38;2;240;162;74;48;2;52;48;42mA[0;38;2;185;174;151;48;2;52;48;42mPPS [0;48;2;28;26;23m [0;1;38;2;22;20;15;48;2;240;162;74m SYSTEM [0;48;2;28;26;23m [0;48;2;52;48;42m [0;4;38;2;240;162;74;48;2;52;48;42mH[0;38;2;185;174;151;48;2;52;48;42mISTORY [0;48;2;28;26;23m [0;48;2;52;48;42m [0;4;38;2;240;162;74;48;2;52;48;42mE[0;38;2;185;174;151;48;2;52;48;42mVENTS [0;48;2;28;26;23m              [0;1;38;2;240;162;74;48;2;28;26;23mg[0;38;2;126;117;100;48;2;28;26;23m go[0;48;2;28;26;23m  [0;1;38;2;240;162;74;48;2;28;26;23m;[0;38;2;126;117;100;48;2;28;26;23m cmd[0;48;2;28;26;23m [0m
[0;48;2;28;26;23m [0;38;2;107;98;84;48;2;28;26;23m╭─[0;1;38;2;185;174;151;48;2;28;26;23m DAEMON [0;38;2;107;98;84;48;2;28;26;23m───────────────────────────────────────╮[0;48;2;28;26;23m [0;38;2;58;53;45;48;2;28;26;23m╭─[0;1;38;2;185;174;151;48;2;28;26;23m DOCTOR [0;38;2;58;53;45;48;2;28;26;23m──────────────────────────[0;38;2;126;117;100;48;2;28;26;23m 2 warnings · r runs it again [0;38;2;58;53;45;48;2;28;26;23m╮[0;48;2;28;26;23m [0m
[0;48;2;28;26;23m [0;38;2;107;98;84;48;2;28;26;23m│[0;48;2;28;26;23m [0;38;2;126;117;100;48;2;28;26;23mDAEMON[0;48;2;28;26;23m   [0;38;2;61;220;116;48;2;28;26;23mrunning[0;38;2;185;174;151;48;2;28;26;23m · pid 4312[0;48;2;28;26;23m                    [0;38;2;107;98;84;48;2;28;26;23m│[0;48;2;28;26;23m [0;38;2;58;53;45;48;2;28;26;23m│[0;48;2;28;26;23m  [0;1;38;2;61;220;116;48;2;28;26;23m✓[0;48;2;28;26;23m [0;38;2;236;227;207;48;2;28;26;23mmacOS[0;48;2;28;26;23m           [0;38;2;185;174;151;48;2;28;26;23m26.0.0[0;48;2;28;26;23m                                       [0;38;2;58;53;45;48;2;28;26;23m│[0;48;2;28;26;23m [0m
[0;48;2;28;26;23m [0;38;2;107;98;84;48;2;28;26;23m│[0;48;2;28;26;23m [0;38;2;126;117;100;48;2;28;26;23mMODE[0;48;2;28;26;23m     [0;38;2;244;236;216;48;2;28;26;23mdriver[0;38;2;185;174;151;48;2;28;26;23m · BE-RCA · EQ[0;48;2;28;26;23m                  [0;38;2;107;98;84;48;2;28;26;23m│[0;48;2;28;26;23m [0;38;2;58;53;45;48;2;28;26;23m│[0;48;2;28;26;23m  [0;1;38;2;61;220;116;48;2;28;26;23m✓[0;48;2;28;26;23m [0;38;2;236;227;207;48;2;28;26;23mconfig[0;48;2;28;26;23m          [0;38;2;185;174;151;48;2;28;26;23mok[0;48;2;28;26;23m                                           [0;38;2;58;53;45;48;2;28;26;23m│[0;48;2;28;26;23m [0m
[0;48;2;28;26;23m [0;38;2;107;98;84;48;2;28;26;23m│[0;48;2;28;26;23m [0;38;2;126;117;100;48;2;28;26;23mDEVICE[0;48;2;28;26;23m   [0;38;2;244;236;216;48;2;28;26;23mBE-RCA[0;38;2;126;117;100;48;2;28;26;23m [usb] [0;38;2;185;174;151;48;2;28;26;23m44100 Hz · own profile[0;48;2;28;26;23m   [0;38;2;107;98;84;48;2;28;26;23m│[0;48;2;28;26;23m [0;38;2;58;53;45;48;2;28;26;23m│[0;48;2;28;26;23m  [0;1;38;2;61;220;116;48;2;28;26;23m✓[0;48;2;28;26;23m [0;38;2;236;227;207;48;2;28;26;23mhooks[0;48;2;28;26;23m           [0;38;2;185;174;151;48;2;28;26;23mnone[0;48;2;28;26;23m                                         [0;38;2;58;53;45;48;2;28;26;23m│[0;48;2;28;26;23m [0m
[0;48;2;28;26;23m [0;38;2;107;98;84;48;2;28;26;23m│[0;48;2;28;26;23m [0;38;2;126;117;100;48;2;28;26;23mLATENCY[0;48;2;28;26;23m  [0;38;2;236;227;207;48;2;28;26;23m12 ms[0;38;2;126;117;100;48;2;28;26;23m, reported to players[0;48;2;28;26;23m            [0;38;2;107;98;84;48;2;28;26;23m│[0;48;2;28;26;23m [0;38;2;58;53;45;48;2;28;26;23m│[0;48;2;28;26;23m  [0;1;38;2;61;220;116;48;2;28;26;23m✓[0;48;2;28;26;23m [0;38;2;236;227;207;48;2;28;26;23mapps[0;48;2;28;26;23m            [0;38;2;185;174;151;48;2;28;26;23mlistening, 4 rules; heard now: Spotify → ni…[0;48;2;28;26;23m [0;38;2;58;53;45;48;2;28;26;23m│[0;48;2;28;26;23m [0m
[0;48;2;28;26;23m [0;38;2;107;98;84;48;2;28;26;23m│[0;48;2;28;26;23m [0;38;2;126;117;100;48;2;28;26;23mAUDIO[0;48;2;28;26;23m    [0;38;2;61;220;116;48;2;28;26;23mon[0;48;2;28;26;23m                                    [0;38;2;107;98;84;48;2;28;26;23m│[0;48;2;28;26;23m [0;38;2;58;53;45;48;2;28;26;23m│[0;48;2;28;26;23m  [0;1;38;2;61;220;116;48;2;28;26;23m✓[0;48;2;28;26;23m [0;38;2;236;227;207;48;2;28;26;23moutput[0;48;2;28;26;23m          [0;38;2;185;174;151;48;2;28;26;23mBE-RCA · EQ, 2 ch[0;48;2;28;26;23m                            [0;38;2;58;53;45;48;2;28;26;23m│[0;48;2;28;26;23m [0m
[0;48;2;28;26;23m [0;38;2;107;98;84;48;2;28;26;23m│[0;48;2;28;26;23m [0;38;2;126;117;100;48;2;28;26;23mCOMP[0;48;2;28;26;23m     [0;38;2;245;198;71;48;2;28;26;23m-2.1 dB[0;48;2;28;26;23m                               [0;38;2;107;98;84;48;2;28;26;23m│[0;48;2;28;26;23m [0;38;2;58;53;45;48;2;28;26;23m│[0;48;2;28;26;23m  [0;1;38;2;61;220;116;48;2;28;26;23m✓[0;48;2;28;26;23m [0;38;2;236;227;207;48;2;28;26;23mdaemon[0;48;2;28;26;23m          [0;38;2;185;174;151;48;2;28;26;23mrunning, pid 4312, v2026.09.30[0;48;2;28;26;23m               [0;38;2;58;53;45;48;2;28;26;23m│[0;48;2;28;26;23m [0m
[0;48;2;28;26;23m [0;38;2;107;98;84;48;2;28;26;23m│[0;48;2;28;26;23m [0;38;2;126;117;100;48;2;28;26;23mAPP[0;48;2;28;26;23m      [0;38;2;244;236;216;48;2;28;26;23mSpotify[0;38;2;126;117;100;48;2;28;26;23m → [0;38;2;240;162;74;48;2;28;26;23mnight[0;48;2;28;26;23m                       [0;38;2;107;98;84;48;2;28;26;23m│[0;48;2;28;26;23m [0;38;2;58;53;45;48;2;28;26;23m│[0;48;2;28;26;23m  [0;1;38;2;61;220;116;48;2;28;26;23m✓[0;48;2;28;26;23m [0;38;2;236;227;207;48;2;28;26;23mpermission[0;48;2;28;26;23m      [0;38;2;185;174;151;48;2;28;26;23mnot needed (driver mode)[0;48;2;28;26;23m                     [0;38;2;58;53;45;48;2;28;26;23m│[0;48;2;28;26;23m [0m
[0;48;2;28;26;23m [0;38;2;107;98;84;48;2;28;26;23m│[0;48;2;28;26;23m [0;38;2;126;117;100;48;2;28;26;23mEQ[0;48;2;28;26;23m       [0;38;2;185;174;151;48;2;28;26;23m2026.09.30[0;48;2;28;26;23m                            [0;38;2;107;98;84;48;2;28;26;23m│[0;48;2;28;26;23m [0;38;2;58;53;45;48;2;28;26;23m│[0;48;2;28;26;23m  [0;1;38;2;61;220;116;48;2;28;26;23m✓[0;48;2;28;26;23m [0;38;2;236;227;207;48;2;28;26;23mlaunch agent[0;48;2;28;26;23m    [0;38;2;185;174;151;48;2;28;26;23mbundled (login item "EQ")[0;48;2;28;26;23m                    [0;38;2;58;53;45;48;2;28;26;23m│[0;48;2;28;26;23m [0m
[0;48;2;28;26;23m [0;38;2;107;98;84;48;2;28;26;23m│[0;48;2;28;26;23m [0;38;2;126;117;100;48;2;28;26;23mAGENT[0;48;2;28;26;23m    [0;38;2;61;220;116;48;2;28;26;23m✓ [0;38;2;185;174;151;48;2;28;26;23mbundled (login item "EQ")[0;48;2;28;26;23m           [0;38;2;107;98;84;48;2;28;26;23m│[0;48;2;28;26;23m [0;38;2;58;53;45;48;2;28;26;23m│[0;48;2;28;26;23m  [0;1;38;2;61;220;116;48;2;28;26;23m✓[0;48;2;28;26;23m [0;38;2;236;227;207;48;2;28;26;23mbinary[0;48;2;28;26;23m          [0;38;2;185;174;151;48;2;28;26;23m/Applications/EQ.app/Contents/MacOS/eq[0;48;2;28;26;23m       [0;38;2;58;53;45;48;2;28;26;23m│[0;48;2;28;26;23m [0m
[0;48;2;28;26;23m [0;38;2;107;98;84;48;2;28;26;23m╰────────────────────────────────────────────────╯[0;48;2;28;26;23m [0;38;2;58;53;45;48;2;28;26;23m│[0;48;2;28;26;23m  [0;1;38;2;61;220;116;48;2;28;26;23m✓[0;48;2;28;26;23m [0;38;2;236;227;207;48;2;28;26;23maudio[0;48;2;28;26;23m           [0;38;2;185;174;151;48;2;28;26;23mskipped (driver mode: see driver IO)[0;48;2;28;26;23m         [0;38;2;58;53;45;48;2;28;26;23m│[0;48;2;28;26;23m [0m
[0;48;2;28;26;23m [0;38;2;58;53;45;48;2;28;26;23m╭─[0;1;38;2;185;174;151;48;2;28;26;23m DRIVER [0;38;2;58;53;45;48;2;28;26;23m──────────────────────────[0;38;2;126;117;100;48;2;28;26;23m BE-RCA · EQ [0;38;2;58;53;45;48;2;28;26;23m╮[0;48;2;28;26;23m [0;38;2;58;53;45;48;2;28;26;23m│[0;48;2;28;26;23m  [0;1;38;2;61;220;116;48;2;28;26;23m✓[0;48;2;28;26;23m [0;38;2;236;227;207;48;2;28;26;23mengine[0;48;2;28;26;23m          [0;38;2;185;174;151;48;2;28;26;23mrunning[0;48;2;28;26;23m                                      [0;38;2;58;53;45;48;2;28;26;23m│[0;48;2;28;26;23m [0m
[0;48;2;28;26;23m [0;38;2;58;53;45;48;2;28;26;23m│[0;48;2;28;26;23m [0;38;2;126;117;100;48;2;28;26;23mTARGET[0;48;2;28;26;23m   [0;38;2;244;236;216;48;2;28;26;23mBE-RCA[0;38;2;126;117;100;48;2;28;26;23m [usb][0;48;2;28;26;23m                          [0;38;2;58;53;45;48;2;28;26;23m│[0;48;2;28;26;23m [0;38;2;58;53;45;48;2;28;26;23m│[0;48;2;28;26;23m  [0;1;38;2;61;220;116;48;2;28;26;23m✓[0;48;2;28;26;23m [0;38;2;236;227;207;48;2;28;26;23mtap[0;48;2;28;26;23m             [0;38;2;185;174;151;48;2;28;26;23mskipped (driver mode)[0;48;2;28;26;23m                        [0;38;2;58;53;45;48;2;28;26;23m│[0;48;2;28;26;23m [0m
[0;48;2;28;26;23m [0;38;2;58;53;45;48;2;28;26;23m│[0;48;2;28;26;23m [0;38;2;126;117;100;48;2;28;26;23mIO[0;48;2;28;26;23m       [0;38;2;61;220;116;48;2;28;26;23mrunning[0;48;2;28;26;23m                               [0;38;2;58;53;45;48;2;28;26;23m│[0;48;2;28;26;23m [0;38;2;58;53;45;48;2;28;26;23m│[0;48;2;28;26;23m  [0;1;38;2;61;220;116;48;2;28;26;23m✓[0;48;2;28;26;23m [0;38;2;236;227;207;48;2;28;26;23mlatency[0;48;2;28;26;23m         [0;38;2;185;174;151;48;2;28;26;23mthe EQ device reports 12 ms, which players …[0;48;2;28;26;23m [0;38;2;58;53;45;48;2;28;26;23m│[0;48;2;28;26;23m [0m
[0;48;2;28;26;23m [0;38;2;58;53;45;48;2;28;26;23m│[0;48;2;28;26;23m [0;38;2;126;117;100;48;2;28;26;23mEQ[0;48;2;28;26;23m       [0;38;2;61;220;116;48;2;28;26;23mactive[0;48;2;28;26;23m                                [0;38;2;58;53;45;48;2;28;26;23m│[0;48;2;28;26;23m [0;38;2;58;53;45;48;2;28;26;23m│[0;48;2;28;26;23m  [0;1;38;2;61;220;116;48;2;28;26;23m✓[0;48;2;28;26;23m [0;38;2;236;227;207;48;2;28;26;23mring[0;48;2;28;26;23m            [0;38;2;185;174;151;48;2;28;26;23mskipped (driver mode: see driver slips)[0;48;2;28;26;23m      [0;38;2;58;53;45;48;2;28;26;23m│[0;48;2;28;26;23m [0m
[0;48;2;28;26;23m [0;38;2;58;53;45;48;2;28;26;23m│[0;48;2;28;26;23m [0;38;2;126;117;100;48;2;28;26;23mSLIPS[0;48;2;28;26;23m    [0;38;2;245;198;71;48;2;28;26;23m0 underruns, 2 overruns[0;48;2;28;26;23m               [0;38;2;58;53;45;48;2;28;26;23m│[0;48;2;28;26;23m [0;38;2;58;53;45;48;2;28;26;23m│[0;48;2;28;26;23m  [0;1;38;2;61;220;116;48;2;28;26;23m✓[0;48;2;28;26;23m [0;38;2;236;227;207;48;2;28;26;23mfilters[0;48;2;28;26;23m         [0;38;2;185;174;151;48;2;28;26;23mstable at 44100 Hz[0;48;2;28;26;23m                           [0;38;2;58;53;45;48;2;28;26;23m│[0;48;2;28;26;23m [0m
[0;48;2;28;26;23m [0;38;2;58;53;45;48;2;28;26;23m│[0;48;2;28;26;23m [0;38;2;126;117;100;48;2;28;26;23mCLOCK[0;48;2;28;26;23m    [0;38;2;185;174;151;48;2;28;26;23m+1.8 ppm[0;48;2;28;26;23m                              [0;38;2;58;53;45;48;2;28;26;23m│[0;48;2;28;26;23m [0;38;2;58;53;45;48;2;28;26;23m│[0;48;2;28;26;23m  [0;1;38;2;61;220;116;48;2;28;26;23m✓[0;48;2;28;26;23m [0;38;2;236;227;207;48;2;28;26;23mdriver[0;48;2;28;26;23m          [0;38;2;185;174;151;48;2;28;26;23minstalled, protocol 3, 2026.09.30[0;48;2;28;26;23m            [0;38;2;58;53;45;48;2;28;26;23m│[0;48;2;28;26;23m [0m
[0;48;2;28;26;23m [0;38;2;58;53;45;48;2;28;26;23m│[0;48;2;28;26;23m [0;38;2;126;117;100;48;2;28;26;23mDEFAULT[0;48;2;28;26;23m  [0;38;2;61;220;116;48;2;28;26;23mthe EQ device[0;48;2;28;26;23m                         [0;38;2;58;53;45;48;2;28;26;23m│[0;48;2;28;26;23m [0;38;2;58;53;45;48;2;28;26;23m│[0;1;38;2;240;162;74;48;2;58;50;38m▸[0;48;2;58;50;38m [0;1;38;2;245;198;71;48;2;58;50;38m![0;48;2;58;50;38m [0;1;38;2;244;236;216;48;2;58;50;38mdriver update[0;48;2;58;50;38m   [0;38;2;185;174;151;48;2;58;50;38mEQ.app carries 2026.09.30.1, coreaudiod run…[0;48;2;58;50;38m [0;38;2;58;53;45;48;2;28;26;23m│[0;48;2;28;26;23m [0m
[0;48;2;28;26;23m [0;38;2;58;53;45;48;2;28;26;23m│[0;48;2;28;26;23m [0;38;2;126;117;100;48;2;28;26;23mWRITER[0;48;2;28;26;23m   [0;38;2;61;220;116;48;2;28;26;23m✓ [0;38;2;185;174;151;48;2;28;26;23mwrites accepted (identifier com.ser[0;48;2;28;26;23m [0;38;2;58;53;45;48;2;28;26;23m│[0;48;2;28;26;23m [0;38;2;58;53;45;48;2;28;26;23m│[0;48;2;28;26;23m  [0;1;38;2;61;220;116;48;2;28;26;23m✓[0;48;2;28;26;23m [0;38;2;236;227;207;48;2;28;26;23mdriver target[0;48;2;28;26;23m   [0;38;2;185;174;151;48;2;28;26;23mBE-RCA (be)[0;48;2;28;26;23m                                  [0;38;2;58;53;45;48;2;28;26;23m│[0;48;2;28;26;23m [0m
[0;48;2;28;26;23m [0;38;2;58;53;45;48;2;28;26;23m╰────────────────────────────────────────────────╯[0;48;2;28;26;23m [0;38;2;58;53;45;48;2;28;26;23m│[0;48;2;28;26;23m  [0;1;38;2;61;220;116;48;2;28;26;23m✓[0;48;2;28;26;23m [0;38;2;236;227;207;48;2;28;26;23mdriver IO[0;48;2;28;26;23m       [0;38;2;185;174;151;48;2;28;26;23mrunning[0;48;2;28;26;23m                                      [0;38;2;58;53;45;48;2;28;26;23m│[0;48;2;28;26;23m [0m
[0;48;2;28;26;23m                                                    [0;38;2;58;53;45;48;2;28;26;23m│[0;48;2;28;26;23m  [0;1;38;2;245;198;71;48;2;28;26;23m![0;48;2;28;26;23m [0;38;2;236;227;207;48;2;28;26;23mdriver slips[0;48;2;28;26;23m    [0;38;2;185;174;151;48;2;28;26;23m0 underruns, 2 overruns in 1 s (0, 2 since …[0;48;2;28;26;23m [0;38;2;58;53;45;48;2;28;26;23m│[0;48;2;28;26;23m [0m
[0;48;2;28;26;23m                                                    [0;38;2;58;53;45;48;2;28;26;23m│[0;48;2;28;26;23m  [0;1;38;2;61;220;116;48;2;28;26;23m✓[0;48;2;28;26;23m [0;38;2;236;227;207;48;2;28;26;23mdriver clock[0;48;2;28;26;23m    [0;38;2;185;174;151;48;2;28;26;23m+1.8 ppm[0;48;2;28;26;23m                                     [0;38;2;58;53;45;48;2;28;26;23m│[0;48;2;28;26;23m [0m
[0;48;2;28;26;23m                                                    [0;38;2;58;53;45;48;2;28;26;23m│[0;48;2;28;26;23m  [0;1;38;2;61;220;116;48;2;28;26;23m✓[0;48;2;28;26;23m [0;38;2;236;227;207;48;2;28;26;23mdriver EQ[0;48;2;28;26;23m       [0;38;2;185;174;151;48;2;28;26;23mplaying the curve eq sent (serial 179074500…[0;48;2;28;26;23m [0;38;2;58;53;45;48;2;28;26;23m│[0;48;2;28;26;23m [0m
[0;48;2;28;26;23m                                                    [0;38;2;58;53;45;48;2;28;26;23m│[0;48;2;28;26;23m  [0;1;38;2;61;220;116;48;2;28;26;23m✓[0;48;2;28;26;23m [0;38;2;236;227;207;48;2;28;26;23mdriver writer[0;48;2;28;26;23m   [0;38;2;185;174;151;48;2;28;26;23mwrites accepted (identifier com.servitola.e…[0;48;2;28;26;23m [0;38;2;58;53;45;48;2;28;26;23m│[0;48;2;28;26;23m [0m
[0;48;2;28;26;23m                                                    [0;38;2;58;53;45;48;2;28;26;23m│[0;48;2;28;26;23m  [0;1;38;2;61;220;116;48;2;28;26;23m✓[0;48;2;28;26;23m [0;38;2;236;227;207;48;2;28;26;23mdefault output[0;48;2;28;26;23m  [0;38;2;185;174;151;48;2;28;26;23mthe EQ device[0;48;2;28;26;23m                                [0;38;2;58;53;45;48;2;28;26;23m│[0;48;2;28;26;23m [0m
[0;48;2;28;26;23m                                                    [0;38;2;58;53;45;48;2;28;26;23m│[0;48;2;28;26;23m                                                                 [0;38;2;58;53;45;48;2;28;26;23m│[0;48;2;28;26;23m [0m
[0;48;2;28;26;23m                                                    [0;38;2;58;53;45;48;2;28;26;23m│[0;48;2;28;26;23m                                                                 [0;38;2;58;53;45;48;2;28;26;23m│[0;48;2;28;26;23m [0m
[0;48;2;28;26;23m                                                    [0;38;2;58;53;45;48;2;28;26;23m├─────────────────────────────────────────────────────────────────┤[0;48;2;28;26;23m [0m
[0;48;2;28;26;23m                                                    [0;38;2;58;53;45;48;2;28;26;23m│[0;48;2;28;26;23m  [0;38;2;245;198;71;48;2;28;26;23mdriver update — EQ.app carries 2026.09.30.1, coreaudiod runs[0;48;2;28;26;23m   [0;38;2;58;53;45;48;2;28;26;23m│[0;48;2;28;26;23m [0m
[0;48;2;28;26;23m                                                    [0;38;2;58;53;45;48;2;28;26;23m│[0;48;2;28;26;23m  [0;38;2;185;174;151;48;2;28;26;23m2026.09.30 — eq mode driver updates it[0;48;2;28;26;23m                         [0;38;2;58;53;45;48;2;28;26;23m│[0;48;2;28;26;23m [0m
[0;48;2;28;26;23m                                                    [0;38;2;58;53;45;48;2;28;26;23m│[0;48;2;28;26;23m                                                                 [0;38;2;58;53;45;48;2;28;26;23m│[0;48;2;28;26;23m [0m
[0;48;2;28;26;23m                                                    [0;38;2;58;53;45;48;2;28;26;23m╰─────────────────────────────────────────────────────────────────╯[0;48;2;28;26;23m [0m
[0;48;2;28;26;23m                                                                                                                        [0m
[0;1;38;2;244;236;216;48;2;52;48;42m ↑↓ [0;38;2;126;117;100;48;2;28;26;23m move  [0;1;38;2;244;236;216;48;2;52;48;42m r [0;38;2;126;117;100;48;2;28;26;23m refresh  [0;1;38;2;244;236;216;48;2;52;48;42m o [0;38;2;126;117;100;48;2;28;26;23m mode → tap  [0;1;38;2;244;236;216;48;2;52;48;42m / [0;38;2;126;117;100;48;2;28;26;23m search  [0;1;38;2;244;236;216;48;2;52;48;42m Esc [0;38;2;126;117;100;48;2;28;26;23m back  [0;1;38;2;244;236;216;48;2;52;48;42m u [0;38;2;126;117;100;48;2;28;26;23m undo  [0;1;38;2;244;236;216;48;2;52;48;42m y [0;38;2;126;117;100;48;2;28;26;23m look  [0;1;38;2;244;236;216;48;2;52;48;42m m [0;38;2;126;117;100;48;2;28;26;23m mouse off  [0;1;38;2;244;236;216;48;2;52;48;42m ? [0;38;2;126;117;100;48;2;28;26;23m keys  [0;1;38;2;244;236;216;48;2;52;48;42m q [0;38;2;126;117;100;48;2;28;26;23m quit[0;48;2;28;26;23m   [0m
