[0;48;2;35;32;28m [0;38;2;126;117;100;48;2;35;32;28mDEVICE [0;1;38;2;244;236;216;48;2;35;32;28mBE-RCA[0;48;2;35;32;28m   [0;38;2;126;117;100;48;2;35;32;28mRATE [0;1;38;2;236;227;207;48;2;35;32;28m44.1k[0;48;2;35;32;28m   [0;38;2;126;117;100;48;2;35;32;28mPRESET [0;1;38;2;244;236;216;48;2;35;32;28mfavourite*[0;48;2;35;32;28m   [0;38;2;126;117;100;48;2;35;32;28mVOICE [0;1;38;2;134;224;166;48;2;35;32;28m+3.0[0;48;2;35;32;28m                                 [0;38;2;58;35;32;48;2;35;32;28m●[0;48;2;35;32;28m [0;38;2;126;117;100;48;2;35;32;28mSOLO[0;48;2;35;32;28m  [0;38;2;58;35;32;48;2;35;32;28m●[0;48;2;35;32;28m [0;38;2;126;117;100;48;2;35;32;28mBYPASS[0;48;2;35;32;28m  [0;38;2;58;35;32;48;2;35;32;28m●[0;48;2;35;32;28m [0;38;2;126;117;100;48;2;35;32;28mLIMIT[0;48;2;35;32;28m  [0m
[0;48;2;28;26;23m [0;48;2;52;48;42m [0;4;38;2;240;162;74;48;2;52;48;42mM[0;38;2;185;174;151;48;2;52;48;42mETER [0;48;2;28;26;23m [0;48;2;52;48;42m [0;4;38;2;240;162;74;48;2;52;48;42mT[0;38;2;185;174;151;48;2;52;48;42mUNE [0;48;2;28;26;23m [0;48;2;52;48;42m [0;4;38;2;240;162;74;48;2;52;48;42mI[0;38;2;185;174;151;48;2;52;48;42mNSTRUMENTS [0;48;2;28;26;23m [0;48;2;52;48;42m [0;4;38;2;240;162;74;48;2;52;48;42mP[0;38;2;185;174;151;48;2;52;48;42mRESETS [0;48;2;28;26;23m [0;48;2;52;48;42m [0;4;38;2;240;162;74;48;2;52;48;42mD[0;38;2;185;174;151;48;2;52;48;42mEVICES [0;48;2;28;26;23m [0;48;2;52;48;42m [0;4;38;2;240;162;74;48;2;52;48;42mF[0;38;2;185;174;151;48;2;52;48;42mILTERS [0;48;2;28;26;23m [0;48;2;52;48;42m [0;4;38;2;240;162;74;48;2;52;48;42mA[0;38;2;185;174;151;48;2;52;48;42mPPS [0;48;2;28;26;23m [0;48;2;52;48;42m [0;4;38;2;240;162;74;48;2;52;48;42mS[0;38;2;185;174;151;48;2;52;48;42mYSTEM [0;48;2;28;26;23m [0;1;38;2;22;20;15;48;2;240;162;74m HISTORY [0;48;2;28;26;23m [0;48;2;52;48;42m [0;4;38;2;240;162;74;48;2;52;48;42mE[0;38;2;185;174;151;48;2;52;48;42mVENTS [0;48;2;28;26;23m              [0;1;38;2;240;162;74;48;2;28;26;23mg[0;38;2;126;117;100;48;2;28;26;23m go[0;48;2;28;26;23m  [0;1;38;2;240;162;74;48;2;28;26;23m;[0;38;2;126;117;100;48;2;28;26;23m cmd[0;48;2;28;26;23m [0m
[0;48;2;28;26;23m [0;38;2;107;98;84;48;2;28;26;23m╭─[0;1;38;2;185;174;151;48;2;28;26;23m HISTORY · BE-RCA [0;38;2;107;98;84;48;2;28;26;23m─────────────────────────[0;38;2;126;117;100;48;2;28;26;23m 7 · live 2 [0;38;2;107;98;84;48;2;28;26;23m╮[0;48;2;28;26;23m [0;38;2;58;53;45;48;2;28;26;23m╭─[0;1;38;2;185;174;151;48;2;28;26;23m VERSION 4 · 09-29 21:58:12 [0;38;2;58;53;45;48;2;28;26;23m────────────[0;38;2;126;117;100;48;2;28;26;23m vs live, faint [0;38;2;58;53;45;48;2;28;26;23m╮[0;48;2;28;26;23m [0m
[0;48;2;28;26;23m [0;38;2;107;98;84;48;2;28;26;23m│[0;48;2;28;26;23m    [0;38;2;126;117;100;48;2;28;26;23m#[0;48;2;28;26;23m  [0;38;2;126;117;100;48;2;28;26;23mSAVED[0;48;2;28;26;23m          [0;38;2;126;117;100;48;2;28;26;23mCURVE[0;48;2;28;26;23m        [0;38;2;126;117;100;48;2;28;26;23mPRE[0;48;2;28;26;23m   [0;38;2;126;117;100;48;2;28;26;23mPRESET[0;48;2;28;26;23m         [0;38;2;107;98;84;48;2;28;26;23m│[0;48;2;28;26;23m [0;38;2;58;53;45;48;2;28;26;23m│[0;48;2;11;44;99m [0;38;2;97;153;200;48;2;11;44;99m+12[0;48;2;11;44;99m   [0;38;2;97;153;200;48;2;11;44;99m⡀[0;48;2;11;44;99m                                                 [0;38;2;58;53;45;48;2;28;26;23m│[0;48;2;28;26;23m [0m
[0;48;2;28;26;23m [0;38;2;107;98;84;48;2;28;26;23m│[0;48;2;28;26;23m    [0;38;2;126;117;100;48;2;28;26;23m 0[0;48;2;28;26;23m [0;38;2;185;174;151;48;2;28;26;23m09-30 09:41:12[0;48;2;28;26;23m [0;38;2;134;224;166;48;2;28;26;23m▆▆▆▅[0;38;2;42;38;33;48;2;28;26;23m▅[0;38;2;245;140;195;48;2;28;26;23m▄[0;38;2;42;38;33;48;2;28;26;23m▅▅[0;38;2;134;224;166;48;2;28;26;23m▆▅[0;48;2;28;26;23m  [0;38;2;245;140;195;48;2;28;26;23m -4.8[0;48;2;28;26;23m  [0;38;2;236;227;207;48;2;28;26;23mfavourite[0;1;38;2;245;198;71;48;2;28;26;23m*[0;48;2;28;26;23m     [0;38;2;107;98;84;48;2;28;26;23m│[0;48;2;28;26;23m [0;38;2;58;53;45;48;2;28;26;23m│[0;48;2;11;44;99m     [0;38;2;97;153;200;48;2;11;44;99m⢠⠊⠈⠢⠤⠤⠒⠢⡀[0;48;2;11;44;99m                                           [0;38;2;58;53;45;48;2;28;26;23m│[0;48;2;28;26;23m [0m
[0;48;2;28;26;23m [0;38;2;107;98;84;48;2;28;26;23m│[0;48;2;28;26;23m    [0;38;2;126;117;100;48;2;28;26;23m 1[0;48;2;28;26;23m [0;38;2;185;174;151;48;2;28;26;23m09-30 09:40:12[0;48;2;28;26;23m [0;38;2;134;224;166;48;2;28;26;23m▆▆▆▅[0;38;2;42;38;33;48;2;28;26;23m▅[0;38;2;245;140;195;48;2;28;26;23m▄[0;38;2;42;38;33;48;2;28;26;23m▅▅[0;38;2;134;224;166;48;2;28;26;23m▅▅[0;48;2;28;26;23m  [0;38;2;245;140;195;48;2;28;26;23m -4.8[0;48;2;28;26;23m  [0;38;2;236;227;207;48;2;28;26;23mfavourite[0;1;38;2;245;198;71;48;2;28;26;23m*[0;48;2;28;26;23m     [0;38;2;107;98;84;48;2;28;26;23m│[0;48;2;28;26;23m [0;38;2;58;53;45;48;2;28;26;23m│[0;48;2;11;44;99m     [0;38;2;97;153;200;48;2;11;44;99m⠃[0;48;2;11;44;99m       [0;38;2;97;153;200;48;2;11;44;99m⠑⢄⣀[0;48;2;11;44;99m                                         [0;38;2;58;53;45;48;2;28;26;23m│[0;48;2;28;26;23m [0m
[0;48;2;28;26;23m [0;38;2;107;98;84;48;2;28;26;23m│[0;48;2;28;26;23m  [0;1;38;2;240;162;74;48;2;28;26;23m◉[0;48;2;28;26;23m [0;1;38;2;244;236;216;48;2;28;26;23m 2[0;48;2;28;26;23m [0;38;2;236;227;207;48;2;28;26;23m09-30 09:12:12[0;48;2;28;26;23m [0;38;2;134;224;166;48;2;28;26;23m▆▆▆▅[0;38;2;42;38;33;48;2;28;26;23m▅[0;38;2;245;140;195;48;2;28;26;23m▄[0;38;2;42;38;33;48;2;28;26;23m▅▅[0;38;2;134;224;166;48;2;28;26;23m▅▅[0;48;2;28;26;23m  [0;38;2;245;140;195;48;2;28;26;23m -4.8[0;48;2;28;26;23m  [0;38;2;236;227;207;48;2;28;26;23mfavourite[0;48;2;28;26;23m      [0;38;2;107;98;84;48;2;28;26;23m│[0;48;2;28;26;23m [0;38;2;58;53;45;48;2;28;26;23m│[0;48;2;11;44;99m     [0;1;38;2;143;211;255;48;2;11;44;99m⣤⠞⠛⠶⠶⠶⠶⣤[0;48;2;11;44;99m   [0;38;2;97;153;200;48;2;11;44;99m⠉⢆[0;48;2;11;44;99m                                       [0;38;2;58;53;45;48;2;28;26;23m│[0;48;2;28;26;23m [0m
[0;48;2;28;26;23m [0;38;2;107;98;84;48;2;28;26;23m│[0;48;2;28;26;23m    [0;38;2;126;117;100;48;2;28;26;23m 3[0;48;2;28;26;23m [0;38;2;185;174;151;48;2;28;26;23m09-29 22:03:12[0;48;2;28;26;23m [0;38;2;134;224;166;48;2;28;26;23m▆▆▆▅[0;38;2;42;38;33;48;2;28;26;23m▅[0;38;2;245;140;195;48;2;28;26;23m▄[0;38;2;42;38;33;48;2;28;26;23m▅▅[0;38;2;134;224;166;48;2;28;26;23m▅▅[0;48;2;28;26;23m  [0;38;2;245;140;195;48;2;28;26;23m -3.0[0;48;2;28;26;23m  [0;38;2;236;227;207;48;2;28;26;23mfavourite[0;48;2;28;26;23m      [0;38;2;107;98;84;48;2;28;26;23m│[0;48;2;28;26;23m [0;38;2;58;53;45;48;2;28;26;23m│[0;48;2;11;44;99m            [0;1;38;2;143;211;255;48;2;11;44;99m⠈⠳⣄[0;48;2;11;44;99m  [0;38;2;97;153;200;48;2;11;44;99m⠈⢢[0;48;2;11;44;99m                                      [0;38;2;58;53;45;48;2;28;26;23m│[0;48;2;28;26;23m [0m
[0;48;2;28;26;23m [0;38;2;107;98;84;48;2;28;26;23m│[0;1;38;2;240;162;74;48;2;58;50;38m▸[0;48;2;58;50;38m   [0;38;2;126;117;100;48;2;58;50;38m 4[0;48;2;58;50;38m [0;38;2;236;227;207;48;2;58;50;38m09-29 21:58:12[0;48;2;58;50;38m [0;38;2;134;224;166;48;2;58;50;38m▅▅▅[0;38;2;42;38;33;48;2;58;50;38m▅▅▅▅[0;38;2;134;224;166;48;2;58;50;38m▅▅▅[0;48;2;58;50;38m  [0;38;2;245;140;195;48;2;58;50;38m -2.0[0;48;2;58;50;38m  [0;38;2;236;227;207;48;2;58;50;38mflat[0;1;38;2;245;198;71;48;2;58;50;38m*[0;48;2;58;50;38m          [0;38;2;107;98;84;48;2;28;26;23m│[0;48;2;28;26;23m [0;38;2;58;53;45;48;2;28;26;23m│[0;48;2;11;44;99m              [0;1;38;2;143;211;255;48;2;11;44;99m⠈⠳⣄[0;48;2;11;44;99m  [0;38;2;97;153;200;48;2;11;44;99m⠑⠤⠤⡀[0;48;2;11;44;99m                        [0;38;2;97;153;200;48;2;11;44;99m⡠⠤⡀[0;48;2;11;44;99m  [0;1;38;2;143;211;255;48;2;11;44;99m⣠⡀[0;48;2;11;44;99m   [0;38;2;58;53;45;48;2;28;26;23m│[0;48;2;28;26;23m [0m
[0;48;2;28;26;23m [0;38;2;107;98;84;48;2;28;26;23m│[0;48;2;28;26;23m    [0;38;2;126;117;100;48;2;28;26;23m 5[0;48;2;28;26;23m [0;38;2;185;174;151;48;2;28;26;23m09-29 21:57:12[0;48;2;28;26;23m [0;38;2;42;38;33;48;2;28;26;23m▅▅▅▅▅▅▅▅▅▅[0;48;2;28;26;23m  [0;38;2;126;117;100;48;2;28;26;23m  0.0[0;48;2;28;26;23m  [0;38;2;245;198;71;48;2;28;26;23moff [0;38;2;236;227;207;48;2;28;26;23mflat[0;1;38;2;245;198;71;48;2;28;26;23m*[0;48;2;28;26;23m      [0;38;2;107;98;84;48;2;28;26;23m│[0;48;2;28;26;23m [0;38;2;58;53;45;48;2;28;26;23m│[0;48;2;11;44;99m                [0;1;38;2;143;211;255;48;2;11;44;99m⠈⠳⣄[0;48;2;11;44;99m   [0;38;2;97;153;200;48;2;11;44;99m⠈⠢⡀[0;48;2;11;44;99m                 [0;1;38;2;143;211;255;48;2;11;44;99m⣠⣤⣤⣠⡴⠞⠳⢦⣤⡴⠃⢳⣀[0;48;2;11;44;99m  [0;38;2;58;53;45;48;2;28;26;23m│[0;48;2;28;26;23m [0m
[0;48;2;28;26;23m [0;38;2;107;98;84;48;2;28;26;23m│[0;48;2;28;26;23m    [0;38;2;126;117;100;48;2;28;26;23m 6[0;48;2;28;26;23m [0;38;2;185;174;151;48;2;28;26;23m09-28 18:20:12[0;48;2;28;26;23m [0;38;2;255;75;62;48;2;28;26;23munreadable[0;48;2;28;26;23m                        [0;38;2;107;98;84;48;2;28;26;23m│[0;48;2;28;26;23m [0;38;2;58;53;45;48;2;28;26;23m│[0;48;2;11;44;99m                  [0;1;38;2;143;211;255;48;2;11;44;99m⠈⠛⢦⣤⣄⣀⣀⣀⣀⣀⣀⣀[0;48;2;11;44;99m          [0;1;38;2;143;211;255;48;2;11;44;99m⢠⠞⠁[0;38;2;97;153;200;48;2;11;44;99m⠉⠁[0;1;38;2;143;211;255;48;2;11;44;99m⠁[0;48;2;11;44;99m        [0;1;38;2;143;211;255;48;2;11;44;99m⠉[0;48;2;11;44;99m  [0;38;2;58;53;45;48;2;28;26;23m│[0;48;2;28;26;23m [0m
[0;48;2;28;26;23m [0;38;2;107;98;84;48;2;28;26;23m│[0;48;2;28;26;23m                                                        [0;38;2;107;98;84;48;2;28;26;23m│[0;48;2;28;26;23m [0;38;2;58;53;45;48;2;28;26;23m│[0;48;2;11;44;99m [0;38;2;97;153;200;48;2;11;44;99m  0[0;48;2;11;44;99m [0;38;2;97;153;200;48;2;11;44;99m┈┈┈┈┈┈┈┈┈┈┈┈┈┈┈┈┈[0;1;38;2;143;211;255;48;2;11;44;99m⠈⠉⠉⠉⠉⠉⠉⠉⠛⠛⠛⠛⠛⠶⣄[0;38;2;97;153;200;48;2;11;44;99m┈┈[0;1;38;2;143;211;255;48;2;11;44;99m⣰⠋[0;38;2;97;153;200;48;2;11;44;99m┈┈┈┈┈┈┈┈┈┈┈┈┈┈┈[0;48;2;11;44;99m [0;38;2;58;53;45;48;2;28;26;23m│[0;48;2;28;26;23m [0m
[0;48;2;28;26;23m [0;38;2;107;98;84;48;2;28;26;23m│[0;48;2;28;26;23m                                                        [0;38;2;107;98;84;48;2;28;26;23m│[0;48;2;28;26;23m [0;38;2;58;53;45;48;2;28;26;23m│[0;48;2;11;44;99m                              [0;38;2;97;153;200;48;2;11;44;99m⠈⠢⡀⢀⡠⠒[0;1;38;2;143;211;255;48;2;11;44;99m⠈⠳⠾⠁[0;48;2;11;44;99m                 [0;38;2;58;53;45;48;2;28;26;23m│[0;48;2;28;26;23m [0m
[0;48;2;28;26;23m [0;38;2;107;98;84;48;2;28;26;23m│[0;48;2;28;26;23m                                                        [0;38;2;107;98;84;48;2;28;26;23m│[0;48;2;28;26;23m [0;38;2;58;53;45;48;2;28;26;23m│[0;48;2;11;44;99m                                [0;38;2;97;153;200;48;2;11;44;99m⠈⠁[0;48;2;11;44;99m                       [0;38;2;58;53;45;48;2;28;26;23m│[0;48;2;28;26;23m [0m
[0;48;2;28;26;23m [0;38;2;107;98;84;48;2;28;26;23m│[0;48;2;28;26;23m                                                        [0;38;2;107;98;84;48;2;28;26;23m│[0;48;2;28;26;23m [0;38;2;58;53;45;48;2;28;26;23m│[0;48;2;11;44;99m                                                         [0;38;2;58;53;45;48;2;28;26;23m│[0;48;2;28;26;23m [0m
[0;48;2;28;26;23m [0;38;2;107;98;84;48;2;28;26;23m│[0;48;2;28;26;23m                                                        [0;38;2;107;98;84;48;2;28;26;23m│[0;48;2;28;26;23m [0;38;2;58;53;45;48;2;28;26;23m│[0;48;2;11;44;99m                                                         [0;38;2;58;53;45;48;2;28;26;23m│[0;48;2;28;26;23m [0m
[0;48;2;28;26;23m [0;38;2;107;98;84;48;2;28;26;23m│[0;48;2;28;26;23m                                                        [0;38;2;107;98;84;48;2;28;26;23m│[0;48;2;28;26;23m [0;38;2;58;53;45;48;2;28;26;23m│[0;48;2;11;44;99m                                                         [0;38;2;58;53;45;48;2;28;26;23m│[0;48;2;28;26;23m [0m
[0;48;2;28;26;23m [0;38;2;107;98;84;48;2;28;26;23m│[0;48;2;28;26;23m                                                        [0;38;2;107;98;84;48;2;28;26;23m│[0;48;2;28;26;23m [0;38;2;58;53;45;48;2;28;26;23m│[0;48;2;11;44;99m                                                         [0;38;2;58;53;45;48;2;28;26;23m│[0;48;2;28;26;23m [0m
[0;48;2;28;26;23m [0;38;2;107;98;84;48;2;28;26;23m│[0;48;2;28;26;23m                                                        [0;38;2;107;98;84;48;2;28;26;23m│[0;48;2;28;26;23m [0;38;2;58;53;45;48;2;28;26;23m│[0;48;2;11;44;99m [0;38;2;97;153;200;48;2;11;44;99m-12[0;48;2;11;44;99m                                                     [0;38;2;58;53;45;48;2;28;26;23m│[0;48;2;28;26;23m [0m
[0;48;2;28;26;23m [0;38;2;107;98;84;48;2;28;26;23m│[0;48;2;28;26;23m                                                        [0;38;2;107;98;84;48;2;28;26;23m│[0;48;2;28;26;23m [0;38;2;58;53;45;48;2;28;26;23m│[0;48;2;28;26;23m      [0;38;2;126;117;100;48;2;28;26;23m32[0;48;2;28;26;23m   [0;38;2;126;117;100;48;2;28;26;23m64[0;48;2;28;26;23m   [0;38;2;126;117;100;48;2;28;26;23m125[0;48;2;28;26;23m  [0;38;2;126;117;100;48;2;28;26;23m250[0;48;2;28;26;23m  [0;38;2;126;117;100;48;2;28;26;23m500[0;48;2;28;26;23m   [0;38;2;126;117;100;48;2;28;26;23m1k[0;48;2;28;26;23m   [0;38;2;126;117;100;48;2;28;26;23m2k[0;48;2;28;26;23m   [0;38;2;126;117;100;48;2;28;26;23m4k[0;48;2;28;26;23m   [0;38;2;126;117;100;48;2;28;26;23m8k[0;48;2;28;26;23m   [0;38;2;126;117;100;48;2;28;26;23m16k[0;48;2;28;26;23m  [0;38;2;58;53;45;48;2;28;26;23m│[0;48;2;28;26;23m [0m
[0;48;2;28;26;23m [0;38;2;107;98;84;48;2;28;26;23m│[0;48;2;28;26;23m                                                        [0;38;2;107;98;84;48;2;28;26;23m│[0;48;2;28;26;23m [0;38;2;58;53;45;48;2;28;26;23m╰─────────────────────────────────────────────────────────╯[0;48;2;28;26;23m [0m
[0;48;2;28;26;23m [0;38;2;107;98;84;48;2;28;26;23m│[0;48;2;28;26;23m                                                        [0;38;2;107;98;84;48;2;28;26;23m│[0;48;2;28;26;23m [0;38;2;58;53;45;48;2;28;26;23m╭─[0;1;38;2;185;174;151;48;2;28;26;23m DIFFERS [0;38;2;58;53;45;48;2;28;26;23m───────────────────────────────────────────────╮[0;48;2;28;26;23m [0m
[0;48;2;28;26;23m [0;38;2;107;98;84;48;2;28;26;23m│[0;48;2;28;26;23m                                                        [0;38;2;107;98;84;48;2;28;26;23m│[0;48;2;28;26;23m [0;38;2;58;53;45;48;2;28;26;23m│[0;48;2;28;26;23m [0;38;2;126;117;100;48;2;28;26;23m32 HZ[0;48;2;28;26;23m    [0;38;2;126;117;100;48;2;28;26;23m +4.8 → [0;38;2;134;224;166;48;2;28;26;23m +2.0[0;48;2;28;26;23m                                  [0;38;2;58;53;45;48;2;28;26;23m│[0;48;2;28;26;23m [0m
[0;48;2;28;26;23m [0;38;2;107;98;84;48;2;28;26;23m│[0;48;2;28;26;23m                                                        [0;38;2;107;98;84;48;2;28;26;23m│[0;48;2;28;26;23m [0;38;2;58;53;45;48;2;28;26;23m│[0;48;2;28;26;23m [0;38;2;126;117;100;48;2;28;26;23m64 HZ[0;48;2;28;26;23m    [0;38;2;126;117;100;48;2;28;26;23m +4.0 → [0;38;2;134;224;166;48;2;28;26;23m +2.0[0;48;2;28;26;23m                                  [0;38;2;58;53;45;48;2;28;26;23m│[0;48;2;28;26;23m [0m
[0;48;2;28;26;23m [0;38;2;107;98;84;48;2;28;26;23m│[0;48;2;28;26;23m                                                        [0;38;2;107;98;84;48;2;28;26;23m│[0;48;2;28;26;23m [0;38;2;58;53;45;48;2;28;26;23m│[0;48;2;28;26;23m [0;38;2;126;117;100;48;2;28;26;23m125 HZ[0;48;2;28;26;23m   [0;38;2;126;117;100;48;2;28;26;23m +4.2 → [0;38;2;134;224;166;48;2;28;26;23m +1.0[0;48;2;28;26;23m                                  [0;38;2;58;53;45;48;2;28;26;23m│[0;48;2;28;26;23m [0m
[0;48;2;28;26;23m [0;38;2;107;98;84;48;2;28;26;23m│[0;48;2;28;26;23m                                                        [0;38;2;107;98;84;48;2;28;26;23m│[0;48;2;28;26;23m [0;38;2;58;53;45;48;2;28;26;23m│[0;48;2;28;26;23m [0;38;2;126;117;100;48;2;28;26;23m250 HZ[0;48;2;28;26;23m   [0;38;2;126;117;100;48;2;28;26;23m +2.3 →   0.0[0;48;2;28;26;23m                                  [0;38;2;58;53;45;48;2;28;26;23m│[0;48;2;28;26;23m [0m
[0;48;2;28;26;23m [0;38;2;107;98;84;48;2;28;26;23m│[0;48;2;28;26;23m                                                        [0;38;2;107;98;84;48;2;28;26;23m│[0;48;2;28;26;23m [0;38;2;58;53;45;48;2;28;26;23m│[0;48;2;28;26;23m [0;38;2;126;117;100;48;2;28;26;23m1K[0;48;2;28;26;23m       [0;38;2;126;117;100;48;2;28;26;23m -3.1 →   0.0[0;48;2;28;26;23m                                  [0;38;2;58;53;45;48;2;28;26;23m│[0;48;2;28;26;23m [0m
[0;48;2;28;26;23m [0;38;2;107;98;84;48;2;28;26;23m│[0;48;2;28;26;23m                                                        [0;38;2;107;98;84;48;2;28;26;23m│[0;48;2;28;26;23m [0;38;2;58;53;45;48;2;28;26;23m│[0;48;2;28;26;23m [0;38;2;126;117;100;48;2;28;26;23m4K[0;48;2;28;26;23m       [0;38;2;126;117;100;48;2;28;26;23m  0.0 → [0;38;2;134;224;166;48;2;28;26;23m +1.0[0;48;2;28;26;23m                                  [0;38;2;58;53;45;48;2;28;26;23m│[0;48;2;28;26;23m [0m
[0;48;2;28;26;23m [0;38;2;107;98;84;48;2;28;26;23m│[0;48;2;28;26;23m                                                        [0;38;2;107;98;84;48;2;28;26;23m│[0;48;2;28;26;23m [0;38;2;58;53;45;48;2;28;26;23m│[0;48;2;28;26;23m [0;38;2;126;117;100;48;2;28;26;23m8K[0;48;2;28;26;23m       [0;38;2;126;117;100;48;2;28;26;23m +3.1 → [0;38;2;134;224;166;48;2;28;26;23m +2.0[0;48;2;28;26;23m                                  [0;38;2;58;53;45;48;2;28;26;23m│[0;48;2;28;26;23m [0m
[0;48;2;28;26;23m [0;38;2;107;98;84;48;2;28;26;23m│[0;48;2;28;26;23m                                                        [0;38;2;107;98;84;48;2;28;26;23m│[0;48;2;28;26;23m [0;38;2;58;53;45;48;2;28;26;23m│[0;48;2;28;26;23m [0;38;2;126;117;100;48;2;28;26;23m16K[0;48;2;28;26;23m      [0;38;2;126;117;100;48;2;28;26;23m +2.4 → [0;38;2;134;224;166;48;2;28;26;23m +2.0[0;48;2;28;26;23m                                  [0;38;2;58;53;45;48;2;28;26;23m│[0;48;2;28;26;23m [0m
[0;48;2;28;26;23m [0;38;2;107;98;84;48;2;28;26;23m│[0;48;2;28;26;23m                                                        [0;38;2;107;98;84;48;2;28;26;23m│[0;48;2;28;26;23m [0;38;2;58;53;45;48;2;28;26;23m│[0;48;2;28;26;23m [0;38;2;126;117;100;48;2;28;26;23mPREAMP[0;48;2;28;26;23m   [0;38;2;126;117;100;48;2;28;26;23m -4.8 → [0;38;2;245;140;195;48;2;28;26;23m -2.0[0;48;2;28;26;23m                                  [0;38;2;58;53;45;48;2;28;26;23m│[0;48;2;28;26;23m [0m
[0;48;2;28;26;23m [0;38;2;107;98;84;48;2;28;26;23m│[0;48;2;28;26;23m                                                        [0;38;2;107;98;84;48;2;28;26;23m│[0;48;2;28;26;23m [0;38;2;58;53;45;48;2;28;26;23m│[0;48;2;28;26;23m [0;38;2;126;117;100;48;2;28;26;23mCOMP[0;48;2;28;26;23m     [0;38;2;126;117;100;48;2;28;26;23mnight → [0;38;2;240;162;74;48;2;28;26;23m  off[0;48;2;28;26;23m                                  [0;38;2;58;53;45;48;2;28;26;23m│[0;48;2;28;26;23m [0m
[0;48;2;28;26;23m [0;38;2;107;98;84;48;2;28;26;23m│[0;48;2;28;26;23m                                                        [0;38;2;107;98;84;48;2;28;26;23m│[0;48;2;28;26;23m [0;38;2;58;53;45;48;2;28;26;23m│[0;48;2;28;26;23m [0;38;2;126;117;100;48;2;28;26;23mCOLOUR[0;48;2;28;26;23m   [0;38;2;126;117;100;48;2;28;26;23mtape 0.3 → [0;38;2;240;162;74;48;2;28;26;23m  off[0;48;2;28;26;23m                               [0;38;2;58;53;45;48;2;28;26;23m│[0;48;2;28;26;23m [0m
[0;48;2;28;26;23m [0;38;2;107;98;84;48;2;28;26;23m╰────────────────────────────────────────────────────────╯[0;48;2;28;26;23m [0;38;2;58;53;45;48;2;28;26;23m╰─────────────────────────────────────────────────────────╯[0;48;2;28;26;23m [0m
[0;48;2;28;26;23m                                                                                                                        [0m
[0;1;38;2;244;236;216;48;2;52;48;42m ↑↓ [0;38;2;126;117;100;48;2;28;26;23m move  [0;1;38;2;244;236;216;48;2;52;48;42m Enter [0;38;2;126;117;100;48;2;28;26;23m restore  [0;1;38;2;244;236;216;48;2;52;48;42m ← → [0;38;2;126;117;100;48;2;28;26;23m undo/redo  [0;1;38;2;244;236;216;48;2;52;48;42m Esc [0;38;2;126;117;100;48;2;28;26;23m back  [0;1;38;2;244;236;216;48;2;52;48;42m u [0;38;2;126;117;100;48;2;28;26;23m undo  [0;1;38;2;244;236;216;48;2;52;48;42m y [0;38;2;126;117;100;48;2;28;26;23m look  [0;1;38;2;244;236;216;48;2;52;48;42m m [0;38;2;126;117;100;48;2;28;26;23m mouse off  [0;1;38;2;244;236;216;48;2;52;48;42m g [0;38;2;126;117;100;48;2;28;26;23m go  [0;1;38;2;244;236;216;48;2;52;48;42m ? [0;38;2;126;117;100;48;2;28;26;23m keys  [0;1;38;2;244;236;216;48;2;52;48;42m q [0;38;2;126;117;100;48;2;28;26;23m quit[0;48;2;28;26;23m  [0m
