[0;48;2;35;32;28m [0;38;2;126;117;100;48;2;35;32;28mDEVICE [0;1;38;2;244;236;216;48;2;35;32;28mBE-RCA[0;48;2;35;32;28m   [0;38;2;126;117;100;48;2;35;32;28mRATE [0;1;38;2;236;227;207;48;2;35;32;28m44.1k[0;48;2;35;32;28m   [0;38;2;126;117;100;48;2;35;32;28mPRESET [0;1;38;2;244;236;216;48;2;35;32;28mfavourite*[0;48;2;35;32;28m   [0;38;2;126;117;100;48;2;35;32;28mVOICE [0;1;38;2;134;224;166;48;2;35;32;28m+3.0[0;48;2;35;32;28m                                 [0;38;2;58;35;32;48;2;35;32;28m●[0;48;2;35;32;28m [0;38;2;126;117;100;48;2;35;32;28mSOLO[0;48;2;35;32;28m  [0;38;2;58;35;32;48;2;35;32;28m●[0;48;2;35;32;28m [0;38;2;126;117;100;48;2;35;32;28mBYPASS[0;48;2;35;32;28m  [0;38;2;58;35;32;48;2;35;32;28m●[0;48;2;35;32;28m [0;38;2;126;117;100;48;2;35;32;28mLIMIT[0;48;2;35;32;28m  [0m
[0;48;2;28;26;23m [0;48;2;52;48;42m [0;4;38;2;240;162;74;48;2;52;48;42mM[0;38;2;185;174;151;48;2;52;48;42mETER [0;48;2;28;26;23m [0;1;38;2;22;20;15;48;2;240;162;74m TUNE [0;48;2;28;26;23m [0;48;2;52;48;42m [0;4;38;2;240;162;74;48;2;52;48;42mI[0;38;2;185;174;151;48;2;52;48;42mNSTRUMENTS [0;48;2;28;26;23m [0;48;2;52;48;42m [0;4;38;2;240;162;74;48;2;52;48;42mP[0;38;2;185;174;151;48;2;52;48;42mRESETS [0;48;2;28;26;23m [0;48;2;52;48;42m [0;4;38;2;240;162;74;48;2;52;48;42mD[0;38;2;185;174;151;48;2;52;48;42mEVICES [0;48;2;28;26;23m [0;48;2;52;48;42m [0;4;38;2;240;162;74;48;2;52;48;42mF[0;38;2;185;174;151;48;2;52;48;42mILTERS [0;48;2;28;26;23m [0;48;2;52;48;42m [0;4;38;2;240;162;74;48;2;52;48;42mA[0;38;2;185;174;151;48;2;52;48;42mPPS [0;48;2;28;26;23m [0;48;2;52;48;42m [0;4;38;2;240;162;74;48;2;52;48;42mS[0;38;2;185;174;151;48;2;52;48;42mYSTEM [0;48;2;28;26;23m [0;48;2;52;48;42m [0;4;38;2;240;162;74;48;2;52;48;42mH[0;38;2;185;174;151;48;2;52;48;42mISTORY [0;48;2;28;26;23m [0;48;2;52;48;42m [0;4;38;2;240;162;74;48;2;52;48;42mE[0;38;2;185;174;151;48;2;52;48;42mVENTS [0;48;2;28;26;23m              [0;1;38;2;240;162;74;48;2;28;26;23mg[0;38;2;126;117;100;48;2;28;26;23m go[0;48;2;28;26;23m  [0;1;38;2;240;162;74;48;2;28;26;23m;[0;38;2;126;117;100;48;2;28;26;23m cmd[0;48;2;28;26;23m [0m
[0;48;2;28;26;23m [0;38;2;107;98;84;48;2;28;26;23m╭─[0;1;38;2;185;174;151;48;2;28;26;23m RESPONSE [0;38;2;107;98;84;48;2;28;26;23m───────────────────────────────────────[0;1;38;2;245;198;71;48;2;28;26;23m ! clips +1.9 dB — lower the preamp [0;38;2;107;98;84;48;2;28;26;23m─╮[0;48;2;28;26;23m [0;38;2;58;53;45;48;2;28;26;23m╭─[0;1;38;2;185;174;151;48;2;28;26;23m CHAIN [0;38;2;58;53;45;48;2;28;26;23m──────────────────╮[0;48;2;28;26;23m [0m
[0;48;2;28;26;23m [0;38;2;107;98;84;48;2;28;26;23m│[0;48;2;11;44;99m [0;38;2;97;153;200;48;2;11;44;99m+12[0;48;2;11;44;99m                                                                                   [0;38;2;107;98;84;48;2;28;26;23m│[0;48;2;28;26;23m [0;38;2;58;53;45;48;2;28;26;23m│[0;48;2;28;26;23m                          [0;38;2;58;53;45;48;2;28;26;23m│[0;48;2;28;26;23m [0m
[0;48;2;28;26;23m [0;38;2;107;98;84;48;2;28;26;23m│[0;48;2;11;44;99m         [0;1;38;2;143;211;255;48;2;11;44;99m⣀[0;1;38;2;251;248;239;48;2;11;44;99m●[0;1;38;2;143;211;255;48;2;11;44;99m⣀[0;48;2;11;44;99m    [0;1;38;2;143;211;255;48;2;11;44;99m⣀⣀[0;1;38;2;251;248;239;48;2;11;44;99m●[0;1;38;2;143;211;255;48;2;11;44;99m⡀[0;48;2;11;44;99m                                                                   [0;38;2;107;98;84;48;2;28;26;23m│[0;48;2;28;26;23m [0;38;2;58;53;45;48;2;28;26;23m│[0;48;2;28;26;23m [0;38;2;126;117;100;48;2;28;26;23mPREAMP[0;48;2;28;26;23m [0;38;2;59;54;46;48;2;28;26;23m───[0;38;2;216;209;194;48;2;28;26;23m█[0;38;2;59;54;46;48;2;28;26;23m─[0;38;2;126;117;100;48;2;28;26;23m┼[0;38;2;59;54;46;48;2;28;26;23m─────[0;48;2;28;26;23m [0;1;38;2;245;140;195;48;2;28;26;23m -4.8[0;48;2;28;26;23m [0;38;2;58;53;45;48;2;28;26;23m│[0;48;2;28;26;23m [0m
[0;48;2;28;26;23m [0;38;2;107;98;84;48;2;28;26;23m│[0;48;2;11;44;99m     [0;1;38;2;143;211;255;48;2;11;44;99m⣀⣤⠶⠛⠉⠉⠉⠛⠛⠛⠛⠉⠉⠉⠙⠛⠛⠛⠛⠛⠛[0;1;38;2;251;248;239;48;2;11;44;99m●[0;1;38;2;143;211;255;48;2;11;44;99m⠶⢦⣄⣀⣀⣀⣀[0;1;38;2;251;248;239;48;2;11;44;99m●[0;48;2;11;44;99m                            [0;1;38;2;143;211;255;48;2;11;44;99m⢀[0;48;2;11;44;99m        [0;1;38;2;143;211;255;48;2;11;44;99m⢀⣀[0;1;38;2;251;248;239;48;2;11;44;99m●[0;48;2;11;44;99m            [0;38;2;107;98;84;48;2;28;26;23m│[0;48;2;28;26;23m [0;38;2;58;53;45;48;2;28;26;23m│[0;48;2;28;26;23m                          [0;38;2;58;53;45;48;2;28;26;23m│[0;48;2;28;26;23m [0m
[0;48;2;28;26;23m [0;38;2;107;98;84;48;2;28;26;23m│[0;48;2;11;44;99m     [0;1;38;2;143;211;255;48;2;11;44;99m⠉[0;48;2;11;44;99m                       [0;1;38;2;143;211;255;48;2;11;44;99m⠈⠉⠉⠉⠉⠙⠛⠶⢦⣤⣄⣀⣀●[0;48;2;11;44;99m            [0;1;38;2;143;211;255;48;2;11;44;99m⢀⣀⣠●⠶⠶⠛⠛⠋⠛⠛●⠛⠶⠶⠛⠛⠋⠉⠉⠛⠶⢦⣤⣤⣤⠶[0;1;38;2;251;248;239;48;2;11;44;99m●[0;1;38;2;143;211;255;48;2;11;44;99m⣀[0;48;2;11;44;99m   [0;38;2;107;98;84;48;2;28;26;23m│[0;48;2;28;26;23m [0;38;2;58;53;45;48;2;28;26;23m│[0;48;2;28;26;23m [0;1;38;2;134;224;166;48;2;46;42;36m ↗ [0;48;2;28;26;23m [0;38;2;126;117;100;48;2;28;26;23mBASS[0;1;38;2;245;140;195;48;2;46;42;36m ↑ [0;48;2;28;26;23m [0;38;2;126;117;100;48;2;28;26;23mTREB[0;1;38;2;244;236;216;48;2;46;42;36m ↑ [0;48;2;28;26;23m [0;38;2;126;117;100;48;2;28;26;23mTILT[0;48;2;28;26;23m [0;38;2;58;53;45;48;2;28;26;23m│[0;48;2;28;26;23m [0m
[0;48;2;28;26;23m [0;38;2;107;98;84;48;2;28;26;23m│[0;48;2;11;44;99m [0;38;2;97;153;200;48;2;11;44;99m  0[0;48;2;11;44;99m [0;38;2;97;153;200;48;2;11;44;99m┈┈┈┈┈┈┈┈┈┈┈┈┈┈┈┈┈┈┈┈┈┈┈┈┈┈┈┈┈┈┈┈┈┈[0;1;38;2;143;211;255;48;2;11;44;99m⠈⠉⠉⠙⠛⠛⠶⠶⣤⣄⣀[0;1;38;2;240;162;74;48;2;11;44;99m◉[0;1;38;2;143;211;255;48;2;11;44;99m⣠⡴⠶⠛⠋⠉⠁[0;38;2;97;153;200;48;2;11;44;99m┈┈┈┈┈┈┈┈┈┈┈┈┈┈┈┈┈┈┈┈┈┈┈┈┈[0;1;38;2;143;211;255;48;2;11;44;99m⠉⠛⠃[0;38;2;97;153;200;48;2;11;44;99m┈[0;38;2;107;98;84;48;2;28;26;23m│[0;48;2;28;26;23m [0;38;2;58;53;45;48;2;28;26;23m│[0;48;2;28;26;23m [0;38;2;134;224;166;48;2;28;26;23m +1.0[0;48;2;28;26;23m   [0;38;2;245;140;195;48;2;28;26;23m -0.5[0;48;2;28;26;23m   [0;38;2;126;117;100;48;2;28;26;23m 0.00[0;48;2;28;26;23m    [0;38;2;58;53;45;48;2;28;26;23m│[0;48;2;28;26;23m [0m
[0;48;2;28;26;23m [0;38;2;107;98;84;48;2;28;26;23m│[0;48;2;11;44;99m                                                [0;1;38;2;143;211;255;48;2;11;44;99m⠈⠉⠉⠁[0;48;2;11;44;99m                                   [0;38;2;107;98;84;48;2;28;26;23m│[0;48;2;28;26;23m [0;38;2;58;53;45;48;2;28;26;23m│[0;48;2;28;26;23m                          [0;38;2;58;53;45;48;2;28;26;23m│[0;48;2;28;26;23m [0m
[0;48;2;28;26;23m [0;38;2;107;98;84;48;2;28;26;23m│[0;48;2;11;44;99m                                                                                       [0;38;2;107;98;84;48;2;28;26;23m│[0;48;2;28;26;23m [0;38;2;58;53;45;48;2;28;26;23m│[0;48;2;28;26;23m [0;38;2;126;117;100;48;2;28;26;23mCOMP[0;48;2;28;26;23m [0;38;2;58;35;32;48;2;28;26;23m●[0;38;2;126;117;100;48;2;28;26;23moff[0;48;2;28;26;23m [0;38;2;58;35;32;48;2;28;26;23m●[0;38;2;126;117;100;48;2;28;26;23mgentle[0;48;2;28;26;23m [0;38;2;240;162;74;48;2;28;26;23m●[0;1;38;2;244;236;216;48;2;28;26;23mnight[0;48;2;28;26;23m [0;38;2;58;53;45;48;2;28;26;23m│[0;48;2;28;26;23m [0m
[0;48;2;28;26;23m [0;38;2;107;98;84;48;2;28;26;23m│[0;48;2;11;44;99m [0;38;2;97;153;200;48;2;11;44;99m-12[0;48;2;11;44;99m                                                                                   [0;38;2;107;98;84;48;2;28;26;23m│[0;48;2;28;26;23m [0;38;2;58;53;45;48;2;28;26;23m│[0;48;2;28;26;23m                          [0;38;2;58;53;45;48;2;28;26;23m│[0;48;2;28;26;23m [0m
[0;48;2;28;26;23m [0;38;2;107;98;84;48;2;28;26;23m╰───────────────────────────────────────────────────────────────────────────────────────╯[0;48;2;28;26;23m [0;38;2;58;53;45;48;2;28;26;23m│[0;48;2;28;26;23m [0;38;2;126;117;100;48;2;28;26;23mCOLOUR[0;48;2;28;26;23m [0;38;2;58;35;32;48;2;28;26;23m●[0;38;2;126;117;100;48;2;28;26;23moff[0;48;2;28;26;23m [0;38;2;240;162;74;48;2;28;26;23m●[0;1;38;2;244;236;216;48;2;28;26;23mtape[0;48;2;28;26;23m [0;38;2;58;35;32;48;2;28;26;23m●[0;38;2;126;117;100;48;2;28;26;23mtube[0;48;2;28;26;23m  [0;38;2;58;53;45;48;2;28;26;23m│[0;48;2;28;26;23m [0m
[0;48;2;28;26;23m [0;38;2;107;98;84;48;2;28;26;23m╭─[0;1;38;2;185;174;151;48;2;28;26;23m FADERS [0;38;2;107;98;84;48;2;28;26;23m─────────────────────────────────────────────────────────────[0;38;2;126;117;100;48;2;28;26;23m GAIN dB · LEVEL [0;38;2;107;98;84;48;2;28;26;23m╮[0;48;2;28;26;23m [0;38;2;58;53;45;48;2;28;26;23m│[0;48;2;28;26;23m                          [0;38;2;58;53;45;48;2;28;26;23m│[0;48;2;28;26;23m [0m
[0;48;2;28;26;23m [0;38;2;107;98;84;48;2;28;26;23m│[0;48;2;28;26;23m [0;38;2;126;117;100;48;2;28;26;23m+12[0;48;2;28;26;23m      [0;38;2;59;54;46;48;2;28;26;23m│[0;48;2;28;26;23m  [0;38;2;12;11;9;48;2;28;26;23m│[0;48;2;28;26;23m    [0;38;2;59;54;46;48;2;28;26;23m│[0;48;2;28;26;23m  [0;38;2;12;11;9;48;2;28;26;23m│[0;48;2;28;26;23m    [0;38;2;59;54;46;48;2;28;26;23m│[0;48;2;28;26;23m  [0;38;2;12;11;9;48;2;28;26;23m│[0;48;2;28;26;23m    [0;38;2;59;54;46;48;2;28;26;23m│[0;48;2;28;26;23m  [0;38;2;12;11;9;48;2;28;26;23m│[0;48;2;28;26;23m    [0;38;2;59;54;46;48;2;28;26;23m│[0;48;2;28;26;23m  [0;38;2;12;11;9;48;2;28;26;23m│[0;48;2;58;50;38m    [0;38;2;59;54;46;48;2;58;50;38m│[0;48;2;58;50;38m  [0;38;2;12;11;9;48;2;28;26;23m│[0;48;2;28;26;23m    [0;38;2;59;54;46;48;2;28;26;23m│[0;48;2;28;26;23m  [0;38;2;12;11;9;48;2;28;26;23m│[0;48;2;28;26;23m    [0;38;2;59;54;46;48;2;28;26;23m│[0;48;2;28;26;23m  [0;38;2;12;11;9;48;2;28;26;23m│[0;48;2;28;26;23m    [0;38;2;59;54;46;48;2;28;26;23m│[0;48;2;28;26;23m  [0;38;2;12;11;9;48;2;28;26;23m│[0;48;2;28;26;23m    [0;38;2;59;54;46;48;2;28;26;23m│[0;48;2;28;26;23m    [0;38;2;107;98;84;48;2;28;26;23m│[0;48;2;28;26;23m [0;38;2;58;53;45;48;2;28;26;23m│[0;48;2;28;26;23m [0;38;2;126;117;100;48;2;28;26;23mAMOUNT[0;48;2;28;26;23m  [0;38;2;240;162;74;48;2;28;26;23m▆▆▆[0;38;2;58;35;32;48;2;28;26;23m▆▆▆▆▆▆▆[0;48;2;28;26;23m [0;38;2;255;181;71;48;2;11;10;7m 0.30[0;48;2;28;26;23m [0;38;2;58;53;45;48;2;28;26;23m│[0;48;2;28;26;23m [0m
[0;48;2;28;26;23m [0;38;2;107;98;84;48;2;28;26;23m│[0;48;2;28;26;23m          [0;38;2;59;54;46;48;2;28;26;23m│[0;48;2;28;26;23m  [0;38;2;12;11;9;48;2;28;26;23m│[0;48;2;28;26;23m    [0;38;2;59;54;46;48;2;28;26;23m│[0;48;2;28;26;23m  [0;38;2;12;11;9;48;2;28;26;23m│[0;48;2;28;26;23m    [0;38;2;59;54;46;48;2;28;26;23m│[0;48;2;28;26;23m  [0;38;2;12;11;9;48;2;28;26;23m│[0;48;2;28;26;23m    [0;38;2;59;54;46;48;2;28;26;23m│[0;48;2;28;26;23m  [0;38;2;12;11;9;48;2;28;26;23m│[0;48;2;28;26;23m    [0;38;2;59;54;46;48;2;28;26;23m│[0;48;2;28;26;23m  [0;38;2;12;11;9;48;2;28;26;23m│[0;48;2;58;50;38m    [0;38;2;59;54;46;48;2;58;50;38m│[0;48;2;58;50;38m  [0;38;2;12;11;9;48;2;28;26;23m│[0;48;2;28;26;23m    [0;38;2;59;54;46;48;2;28;26;23m│[0;48;2;28;26;23m  [0;38;2;12;11;9;48;2;28;26;23m│[0;48;2;28;26;23m    [0;38;2;59;54;46;48;2;28;26;23m│[0;48;2;28;26;23m  [0;38;2;12;11;9;48;2;28;26;23m│[0;48;2;28;26;23m    [0;38;2;59;54;46;48;2;28;26;23m│[0;48;2;28;26;23m  [0;38;2;12;11;9;48;2;28;26;23m│[0;48;2;28;26;23m    [0;38;2;59;54;46;48;2;28;26;23m│[0;48;2;28;26;23m    [0;38;2;107;98;84;48;2;28;26;23m│[0;48;2;28;26;23m [0;38;2;58;53;45;48;2;28;26;23m│[0;48;2;28;26;23m                          [0;38;2;58;53;45;48;2;28;26;23m│[0;48;2;28;26;23m [0m
[0;48;2;28;26;23m [0;38;2;107;98;84;48;2;28;26;23m│[0;48;2;28;26;23m          [0;38;2;59;54;46;48;2;28;26;23m│[0;48;2;28;26;23m  [0;38;2;12;11;9;48;2;28;26;23m│[0;48;2;28;26;23m    [0;38;2;59;54;46;48;2;28;26;23m│[0;48;2;28;26;23m  [0;38;2;12;11;9;48;2;28;26;23m│[0;48;2;28;26;23m    [0;38;2;59;54;46;48;2;28;26;23m│[0;48;2;28;26;23m  [0;38;2;12;11;9;48;2;28;26;23m│[0;48;2;28;26;23m    [0;38;2;59;54;46;48;2;28;26;23m│[0;48;2;28;26;23m  [0;38;2;12;11;9;48;2;28;26;23m│[0;48;2;28;26;23m    [0;38;2;59;54;46;48;2;28;26;23m│[0;48;2;28;26;23m  [0;38;2;12;11;9;48;2;28;26;23m│[0;48;2;58;50;38m    [0;38;2;59;54;46;48;2;58;50;38m│[0;48;2;58;50;38m  [0;38;2;12;11;9;48;2;28;26;23m│[0;48;2;28;26;23m    [0;38;2;59;54;46;48;2;28;26;23m│[0;48;2;28;26;23m  [0;38;2;12;11;9;48;2;28;26;23m│[0;48;2;28;26;23m    [0;38;2;59;54;46;48;2;28;26;23m│[0;48;2;28;26;23m  [0;38;2;12;11;9;48;2;28;26;23m│[0;48;2;28;26;23m    [0;38;2;59;54;46;48;2;28;26;23m│[0;48;2;28;26;23m  [0;38;2;12;11;9;48;2;28;26;23m│[0;48;2;28;26;23m    [0;38;2;59;54;46;48;2;28;26;23m│[0;48;2;28;26;23m    [0;38;2;107;98;84;48;2;28;26;23m│[0;48;2;28;26;23m [0;38;2;58;53;45;48;2;28;26;23m│[0;48;2;28;26;23m [0;38;2;126;117;100;48;2;28;26;23mOUTPUT[0;48;2;28;26;23m                   [0;38;2;58;53;45;48;2;28;26;23m│[0;48;2;28;26;23m [0m
[0;48;2;28;26;23m [0;38;2;107;98;84;48;2;28;26;23m│[0;48;2;28;26;23m          [0;38;2;59;54;46;48;2;28;26;23m│[0;48;2;28;26;23m  [0;38;2;12;11;9;48;2;28;26;23m│[0;48;2;28;26;23m    [0;38;2;59;54;46;48;2;28;26;23m│[0;48;2;28;26;23m  [0;38;2;12;11;9;48;2;28;26;23m│[0;48;2;28;26;23m    [0;38;2;59;54;46;48;2;28;26;23m│[0;48;2;28;26;23m  [0;38;2;12;11;9;48;2;28;26;23m│[0;48;2;28;26;23m    [0;38;2;59;54;46;48;2;28;26;23m│[0;48;2;28;26;23m  [0;38;2;12;11;9;48;2;28;26;23m│[0;48;2;28;26;23m    [0;38;2;59;54;46;48;2;28;26;23m│[0;48;2;28;26;23m  [0;38;2;12;11;9;48;2;28;26;23m│[0;48;2;58;50;38m    [0;38;2;59;54;46;48;2;58;50;38m│[0;48;2;58;50;38m  [0;38;2;12;11;9;48;2;28;26;23m│[0;48;2;28;26;23m    [0;38;2;59;54;46;48;2;28;26;23m│[0;48;2;28;26;23m  [0;38;2;12;11;9;48;2;28;26;23m│[0;48;2;28;26;23m    [0;38;2;59;54;46;48;2;28;26;23m│[0;48;2;28;26;23m  [0;38;2;12;11;9;48;2;28;26;23m│[0;48;2;28;26;23m    [0;38;2;59;54;46;48;2;28;26;23m│[0;48;2;28;26;23m  [0;38;2;12;11;9;48;2;28;26;23m│[0;48;2;28;26;23m    [0;38;2;59;54;46;48;2;28;26;23m│[0;48;2;28;26;23m    [0;38;2;107;98;84;48;2;28;26;23m│[0;48;2;28;26;23m [0;38;2;58;53;45;48;2;28;26;23m│[0;48;2;28;26;23m [0;38;2;126;117;100;48;2;28;26;23mPEAK[0;48;2;28;26;23m   [0;38;2;255;181;71;48;2;11;10;7m  -6.0 [0;48;2;28;26;23m           [0;38;2;58;53;45;48;2;28;26;23m│[0;48;2;28;26;23m [0m
[0;48;2;28;26;23m [0;38;2;107;98;84;48;2;28;26;23m│[0;48;2;28;26;23m [0;38;2;126;117;100;48;2;28;26;23m +6[0;48;2;28;26;23m      [0;38;2;59;54;46;48;2;28;26;23m│[0;48;2;28;26;23m  [0;38;2;12;11;9;48;2;28;26;23m│[0;48;2;28;26;23m    [0;38;2;59;54;46;48;2;28;26;23m│[0;48;2;28;26;23m  [0;38;2;12;11;9;48;2;28;26;23m│[0;48;2;28;26;23m    [0;38;2;59;54;46;48;2;28;26;23m│[0;48;2;28;26;23m  [0;38;2;12;11;9;48;2;28;26;23m│[0;48;2;28;26;23m    [0;38;2;59;54;46;48;2;28;26;23m│[0;48;2;28;26;23m  [0;38;2;12;11;9;48;2;28;26;23m│[0;48;2;28;26;23m    [0;38;2;59;54;46;48;2;28;26;23m│[0;48;2;28;26;23m  [0;38;2;12;11;9;48;2;28;26;23m│[0;48;2;58;50;38m    [0;38;2;59;54;46;48;2;58;50;38m│[0;48;2;58;50;38m  [0;38;2;12;11;9;48;2;28;26;23m│[0;48;2;28;26;23m    [0;38;2;59;54;46;48;2;28;26;23m│[0;48;2;28;26;23m  [0;38;2;12;11;9;48;2;28;26;23m│[0;48;2;28;26;23m    [0;38;2;59;54;46;48;2;28;26;23m│[0;48;2;28;26;23m  [0;38;2;12;11;9;48;2;28;26;23m│[0;48;2;28;26;23m    [0;38;2;59;54;46;48;2;28;26;23m│[0;48;2;28;26;23m  [0;38;2;12;11;9;48;2;28;26;23m│[0;48;2;28;26;23m    [0;38;2;59;54;46;48;2;28;26;23m│[0;48;2;28;26;23m    [0;38;2;107;98;84;48;2;28;26;23m│[0;48;2;28;26;23m [0;38;2;58;53;45;48;2;28;26;23m│[0;48;2;28;26;23m [0;38;2;126;117;100;48;2;28;26;23mLIMIT[0;48;2;28;26;23m   [0;38;2;58;35;32;48;2;28;26;23m●[0;48;2;28;26;23m [0;38;2;126;117;100;48;2;28;26;23midle[0;48;2;28;26;23m           [0;38;2;58;53;45;48;2;28;26;23m│[0;48;2;28;26;23m [0m
[0;48;2;28;26;23m [0;38;2;107;98;84;48;2;28;26;23m│[0;48;2;28;26;23m        [0;38;2;216;209;194;48;2;28;26;23m▐███▌[0;38;2;12;11;9;48;2;28;26;23m│[0;48;2;28;26;23m  [0;38;2;216;209;194;48;2;28;26;23m▐███▌[0;38;2;12;11;9;48;2;28;26;23m│[0;48;2;28;26;23m  [0;38;2;216;209;194;48;2;28;26;23m▐███▌[0;38;2;12;11;9;48;2;28;26;23m│[0;48;2;28;26;23m    [0;38;2;59;54;46;48;2;28;26;23m│[0;48;2;28;26;23m  [0;38;2;12;11;9;48;2;28;26;23m│[0;48;2;28;26;23m    [0;38;2;59;54;46;48;2;28;26;23m│[0;48;2;28;26;23m  [0;38;2;12;11;9;48;2;28;26;23m│[0;48;2;58;50;38m    [0;38;2;59;54;46;48;2;58;50;38m│[0;48;2;58;50;38m  [0;38;2;12;11;9;48;2;28;26;23m│[0;48;2;28;26;23m    [0;38;2;59;54;46;48;2;28;26;23m│[0;48;2;28;26;23m  [0;38;2;12;11;9;48;2;28;26;23m│[0;48;2;28;26;23m    [0;38;2;59;54;46;48;2;28;26;23m│[0;48;2;28;26;23m  [0;38;2;12;11;9;48;2;28;26;23m│[0;48;2;28;26;23m    [0;38;2;59;54;46;48;2;28;26;23m│[0;48;2;28;26;23m  [0;38;2;12;11;9;48;2;28;26;23m│[0;48;2;28;26;23m    [0;38;2;59;54;46;48;2;28;26;23m│[0;48;2;28;26;23m    [0;38;2;107;98;84;48;2;28;26;23m│[0;48;2;28;26;23m [0;38;2;58;53;45;48;2;28;26;23m│[0;48;2;28;26;23m [0;38;2;126;117;100;48;2;28;26;23mCLIP[0;48;2;28;26;23m    [0;38;2;255;75;62;48;2;28;26;23m●[0;48;2;28;26;23m [0;1;38;2;245;198;71;48;2;28;26;23m+1.9 dB over[0;48;2;28;26;23m   [0;38;2;58;53;45;48;2;28;26;23m│[0;48;2;28;26;23m [0m
[0;48;2;28;26;23m [0;38;2;107;98;84;48;2;28;26;23m│[0;48;2;28;26;23m          [0;38;2;134;224;166;48;2;28;26;23m┃[0;48;2;28;26;23m  [0;38;2;12;11;9;48;2;28;26;23m│[0;48;2;28;26;23m    [0;38;2;134;224;166;48;2;28;26;23m┃[0;48;2;28;26;23m  [0;38;2;12;11;9;48;2;28;26;23m│[0;48;2;28;26;23m    [0;38;2;134;224;166;48;2;28;26;23m┃[0;48;2;28;26;23m  [0;38;2;12;11;9;48;2;28;26;23m│[0;48;2;28;26;23m  [0;38;2;216;209;194;48;2;28;26;23m▐███▌[0;38;2;12;11;9;48;2;28;26;23m│[0;48;2;28;26;23m    [0;38;2;59;54;46;48;2;28;26;23m│[0;48;2;28;26;23m  [0;38;2;12;11;9;48;2;28;26;23m│[0;48;2;58;50;38m    [0;38;2;59;54;46;48;2;58;50;38m│[0;48;2;58;50;38m  [0;38;2;12;11;9;48;2;28;26;23m│[0;48;2;28;26;23m    [0;38;2;59;54;46;48;2;28;26;23m│[0;48;2;28;26;23m  [0;38;2;12;11;9;48;2;28;26;23m│[0;48;2;28;26;23m    [0;38;2;59;54;46;48;2;28;26;23m│[0;48;2;28;26;23m  [0;38;2;12;11;9;48;2;28;26;23m│[0;48;2;28;26;23m  [0;38;2;216;209;194;48;2;28;26;23m▐███▌[0;38;2;12;11;9;48;2;28;26;23m│[0;48;2;28;26;23m  [0;38;2;216;209;194;48;2;28;26;23m▐███▌[0;48;2;28;26;23m  [0;38;2;107;98;84;48;2;28;26;23m│[0;48;2;28;26;23m [0;38;2;58;53;45;48;2;28;26;23m│[0;48;2;28;26;23m                          [0;38;2;58;53;45;48;2;28;26;23m│[0;48;2;28;26;23m [0m
[0;48;2;28;26;23m [0;38;2;107;98;84;48;2;28;26;23m│[0;48;2;28;26;23m          [0;38;2;134;224;166;48;2;28;26;23m┃[0;48;2;28;26;23m  [0;38;2;12;11;9;48;2;28;26;23m│[0;48;2;28;26;23m    [0;38;2;134;224;166;48;2;28;26;23m┃[0;48;2;28;26;23m  [0;38;2;12;11;9;48;2;28;26;23m│[0;48;2;28;26;23m    [0;38;2;134;224;166;48;2;28;26;23m┃[0;48;2;28;26;23m  [0;38;2;12;11;9;48;2;28;26;23m│[0;48;2;28;26;23m    [0;38;2;134;224;166;48;2;28;26;23m┃[0;48;2;28;26;23m  [0;38;2;12;11;9;48;2;28;26;23m│[0;48;2;28;26;23m    [0;38;2;59;54;46;48;2;28;26;23m│[0;48;2;28;26;23m  [0;38;2;12;11;9;48;2;28;26;23m│[0;48;2;58;50;38m    [0;38;2;59;54;46;48;2;58;50;38m│[0;48;2;58;50;38m  [0;38;2;12;11;9;48;2;28;26;23m│[0;48;2;28;26;23m    [0;38;2;59;54;46;48;2;28;26;23m│[0;48;2;28;26;23m  [0;38;2;12;11;9;48;2;28;26;23m│[0;48;2;28;26;23m    [0;38;2;59;54;46;48;2;28;26;23m│[0;48;2;28;26;23m  [0;38;2;12;11;9;48;2;28;26;23m│[0;48;2;28;26;23m    [0;38;2;134;224;166;48;2;28;26;23m┃[0;48;2;28;26;23m  [0;38;2;12;11;9;48;2;28;26;23m│[0;48;2;28;26;23m    [0;38;2;134;224;166;48;2;28;26;23m┃[0;48;2;28;26;23m    [0;38;2;107;98;84;48;2;28;26;23m│[0;48;2;28;26;23m [0;38;2;58;53;45;48;2;28;26;23m│[0;48;2;28;26;23m                          [0;38;2;58;53;45;48;2;28;26;23m│[0;48;2;28;26;23m [0m
[0;48;2;28;26;23m [0;38;2;107;98;84;48;2;28;26;23m│[0;48;2;28;26;23m [0;38;2;126;117;100;48;2;28;26;23m  0[0;48;2;28;26;23m    [0;38;2;126;117;100;48;2;28;26;23m╶─[0;38;2;134;224;166;48;2;28;26;23m┃[0;38;2;126;117;100;48;2;28;26;23m─╴[0;38;2;12;11;9;48;2;28;26;23m│[0;48;2;28;26;23m  [0;38;2;126;117;100;48;2;28;26;23m╶─[0;38;2;134;224;166;48;2;28;26;23m┃[0;38;2;126;117;100;48;2;28;26;23m─╴[0;38;2;12;11;9;48;2;28;26;23m│[0;48;2;28;26;23m  [0;38;2;126;117;100;48;2;28;26;23m╶─[0;38;2;134;224;166;48;2;28;26;23m┃[0;38;2;126;117;100;48;2;28;26;23m─╴[0;38;2;12;11;9;48;2;28;26;23m│[0;48;2;28;26;23m  [0;38;2;126;117;100;48;2;28;26;23m╶─[0;38;2;134;224;166;48;2;28;26;23m┃[0;38;2;126;117;100;48;2;28;26;23m─╴[0;38;2;12;11;9;48;2;28;26;23m│[0;48;2;28;26;23m  [0;38;2;216;209;194;48;2;28;26;23m▐███▌[0;38;2;12;11;9;48;2;28;26;23m│[0;48;2;58;50;38m  [0;38;2;126;117;100;48;2;58;50;38m╶─[0;38;2;245;140;195;48;2;58;50;38m┃[0;38;2;126;117;100;48;2;58;50;38m─╴[0;38;2;12;11;9;48;2;28;26;23m│[0;48;2;28;26;23m  [0;38;2;216;209;194;48;2;28;26;23m▐███▌[0;38;2;12;11;9;48;2;28;26;23m│[0;48;2;28;26;23m  [0;38;2;216;209;194;48;2;28;26;23m▐███▌[0;38;2;12;11;9;48;2;28;26;23m│[0;48;2;28;26;23m  [0;38;2;126;117;100;48;2;28;26;23m╶─[0;38;2;134;224;166;48;2;28;26;23m┃[0;38;2;126;117;100;48;2;28;26;23m─╴[0;38;2;12;11;9;48;2;28;26;23m│[0;48;2;28;26;23m  [0;38;2;126;117;100;48;2;28;26;23m╶─[0;38;2;134;224;166;48;2;28;26;23m┃[0;38;2;126;117;100;48;2;28;26;23m─╴[0;48;2;28;26;23m  [0;38;2;107;98;84;48;2;28;26;23m│[0;48;2;28;26;23m [0;38;2;58;53;45;48;2;28;26;23m│[0;48;2;28;26;23m                          [0;38;2;58;53;45;48;2;28;26;23m│[0;48;2;28;26;23m [0m
[0;48;2;28;26;23m [0;38;2;107;98;84;48;2;28;26;23m│[0;48;2;28;26;23m          [0;38;2;59;54;46;48;2;28;26;23m│[0;48;2;28;26;23m  [0;38;2;12;11;9;48;2;28;26;23m│[0;48;2;28;26;23m    [0;38;2;59;54;46;48;2;28;26;23m│[0;48;2;28;26;23m  [0;38;2;12;11;9;48;2;28;26;23m│[0;48;2;28;26;23m    [0;38;2;59;54;46;48;2;28;26;23m│[0;48;2;28;26;23m  [0;38;2;12;11;9;48;2;28;26;23m│[0;48;2;28;26;23m    [0;38;2;59;54;46;48;2;28;26;23m│[0;48;2;28;26;23m  [0;38;2;12;11;9;48;2;28;26;23m│[0;48;2;28;26;23m    [0;38;2;59;54;46;48;2;28;26;23m│[0;48;2;28;26;23m  [0;38;2;12;11;9;48;2;28;26;23m│[0;48;2;58;50;38m    [0;38;2;245;140;195;48;2;58;50;38m┃[0;48;2;58;50;38m  [0;38;2;12;11;9;48;2;28;26;23m│[0;48;2;28;26;23m    [0;38;2;59;54;46;48;2;28;26;23m│[0;48;2;28;26;23m  [0;38;2;12;11;9;48;2;28;26;23m│[0;48;2;28;26;23m    [0;38;2;59;54;46;48;2;28;26;23m│[0;48;2;28;26;23m  [0;38;2;12;11;9;48;2;28;26;23m│[0;48;2;28;26;23m    [0;38;2;59;54;46;48;2;28;26;23m│[0;48;2;28;26;23m  [0;38;2;12;11;9;48;2;28;26;23m│[0;48;2;28;26;23m    [0;38;2;59;54;46;48;2;28;26;23m│[0;48;2;28;26;23m    [0;38;2;107;98;84;48;2;28;26;23m│[0;48;2;28;26;23m [0;38;2;58;53;45;48;2;28;26;23m│[0;48;2;28;26;23m                          [0;38;2;58;53;45;48;2;28;26;23m│[0;48;2;28;26;23m [0m
[0;48;2;28;26;23m [0;38;2;107;98;84;48;2;28;26;23m│[0;48;2;28;26;23m          [0;38;2;59;54;46;48;2;28;26;23m│[0;48;2;28;26;23m  [0;38;2;12;11;9;48;2;28;26;23m│[0;48;2;28;26;23m    [0;38;2;59;54;46;48;2;28;26;23m│[0;48;2;28;26;23m  [0;38;2;12;11;9;48;2;28;26;23m│[0;48;2;28;26;23m    [0;38;2;59;54;46;48;2;28;26;23m│[0;48;2;28;26;23m  [0;38;2;12;11;9;48;2;28;26;23m│[0;48;2;28;26;23m    [0;38;2;59;54;46;48;2;28;26;23m│[0;48;2;28;26;23m  [0;38;2;12;11;9;48;2;28;26;23m│[0;48;2;28;26;23m    [0;38;2;59;54;46;48;2;28;26;23m│[0;48;2;28;26;23m  [0;38;2;12;11;9;48;2;28;26;23m│[0;48;2;58;50;38m  [0;38;2;240;162;74;48;2;58;50;38m▐███▌[0;38;2;12;11;9;48;2;28;26;23m│[0;48;2;28;26;23m    [0;38;2;59;54;46;48;2;28;26;23m│[0;48;2;28;26;23m  [0;38;2;12;11;9;48;2;28;26;23m│[0;48;2;28;26;23m    [0;38;2;59;54;46;48;2;28;26;23m│[0;48;2;28;26;23m  [0;38;2;12;11;9;48;2;28;26;23m│[0;48;2;28;26;23m    [0;38;2;59;54;46;48;2;28;26;23m│[0;48;2;28;26;23m  [0;38;2;12;11;9;48;2;28;26;23m│[0;48;2;28;26;23m    [0;38;2;59;54;46;48;2;28;26;23m│[0;48;2;28;26;23m    [0;38;2;107;98;84;48;2;28;26;23m│[0;48;2;28;26;23m [0;38;2;58;53;45;48;2;28;26;23m│[0;48;2;28;26;23m                          [0;38;2;58;53;45;48;2;28;26;23m│[0;48;2;28;26;23m [0m
[0;48;2;28;26;23m [0;38;2;107;98;84;48;2;28;26;23m│[0;48;2;28;26;23m          [0;38;2;59;54;46;48;2;28;26;23m│[0;48;2;28;26;23m  [0;38;2;12;11;9;48;2;28;26;23m│[0;48;2;28;26;23m    [0;38;2;59;54;46;48;2;28;26;23m│[0;48;2;28;26;23m  [0;38;2;12;11;9;48;2;28;26;23m│[0;48;2;28;26;23m    [0;38;2;59;54;46;48;2;28;26;23m│[0;48;2;28;26;23m  [0;38;2;12;11;9;48;2;28;26;23m│[0;48;2;28;26;23m    [0;38;2;59;54;46;48;2;28;26;23m│[0;48;2;28;26;23m  [0;38;2;12;11;9;48;2;28;26;23m│[0;48;2;28;26;23m    [0;38;2;59;54;46;48;2;28;26;23m│[0;48;2;28;26;23m  [0;38;2;12;11;9;48;2;28;26;23m│[0;48;2;58;50;38m    [0;38;2;59;54;46;48;2;58;50;38m│[0;48;2;58;50;38m  [0;38;2;12;11;9;48;2;28;26;23m│[0;48;2;28;26;23m    [0;38;2;59;54;46;48;2;28;26;23m│[0;48;2;28;26;23m  [0;38;2;12;11;9;48;2;28;26;23m│[0;48;2;28;26;23m    [0;38;2;59;54;46;48;2;28;26;23m│[0;48;2;28;26;23m  [0;38;2;12;11;9;48;2;28;26;23m│[0;48;2;28;26;23m    [0;38;2;59;54;46;48;2;28;26;23m│[0;48;2;28;26;23m  [0;38;2;12;11;9;48;2;28;26;23m│[0;48;2;28;26;23m    [0;38;2;59;54;46;48;2;28;26;23m│[0;48;2;28;26;23m    [0;38;2;107;98;84;48;2;28;26;23m│[0;48;2;28;26;23m [0;38;2;58;53;45;48;2;28;26;23m│[0;48;2;28;26;23m                          [0;38;2;58;53;45;48;2;28;26;23m│[0;48;2;28;26;23m [0m
[0;48;2;28;26;23m [0;38;2;107;98;84;48;2;28;26;23m│[0;48;2;28;26;23m [0;38;2;126;117;100;48;2;28;26;23m -6[0;48;2;28;26;23m      [0;38;2;59;54;46;48;2;28;26;23m│[0;48;2;28;26;23m  [0;38;2;12;11;9;48;2;28;26;23m│[0;48;2;28;26;23m    [0;38;2;59;54;46;48;2;28;26;23m│[0;48;2;28;26;23m  [0;38;2;12;11;9;48;2;28;26;23m│[0;48;2;28;26;23m    [0;38;2;59;54;46;48;2;28;26;23m│[0;48;2;28;26;23m  [0;38;2;12;11;9;48;2;28;26;23m│[0;48;2;28;26;23m    [0;38;2;59;54;46;48;2;28;26;23m│[0;48;2;28;26;23m  [0;38;2;12;11;9;48;2;28;26;23m│[0;48;2;28;26;23m    [0;38;2;59;54;46;48;2;28;26;23m│[0;48;2;28;26;23m  [0;38;2;12;11;9;48;2;28;26;23m│[0;48;2;58;50;38m    [0;38;2;59;54;46;48;2;58;50;38m│[0;48;2;58;50;38m  [0;38;2;12;11;9;48;2;28;26;23m│[0;48;2;28;26;23m    [0;38;2;59;54;46;48;2;28;26;23m│[0;48;2;28;26;23m  [0;38;2;12;11;9;48;2;28;26;23m│[0;48;2;28;26;23m    [0;38;2;59;54;46;48;2;28;26;23m│[0;48;2;28;26;23m  [0;38;2;12;11;9;48;2;28;26;23m│[0;48;2;28;26;23m    [0;38;2;59;54;46;48;2;28;26;23m│[0;48;2;28;26;23m  [0;38;2;12;11;9;48;2;28;26;23m│[0;48;2;28;26;23m    [0;38;2;59;54;46;48;2;28;26;23m│[0;48;2;28;26;23m    [0;38;2;107;98;84;48;2;28;26;23m│[0;48;2;28;26;23m [0;38;2;58;53;45;48;2;28;26;23m│[0;48;2;28;26;23m                          [0;38;2;58;53;45;48;2;28;26;23m│[0;48;2;28;26;23m [0m
[0;48;2;28;26;23m [0;38;2;107;98;84;48;2;28;26;23m│[0;48;2;28;26;23m          [0;38;2;59;54;46;48;2;28;26;23m│[0;48;2;28;26;23m  [0;38;2;12;11;9;48;2;28;26;23m│[0;48;2;28;26;23m    [0;38;2;59;54;46;48;2;28;26;23m│[0;48;2;28;26;23m  [0;38;2;12;11;9;48;2;28;26;23m│[0;48;2;28;26;23m    [0;38;2;59;54;46;48;2;28;26;23m│[0;48;2;28;26;23m  [0;38;2;12;11;9;48;2;28;26;23m│[0;48;2;28;26;23m    [0;38;2;59;54;46;48;2;28;26;23m│[0;48;2;28;26;23m  [0;38;2;12;11;9;48;2;28;26;23m│[0;48;2;28;26;23m    [0;38;2;59;54;46;48;2;28;26;23m│[0;48;2;28;26;23m  [0;38;2;12;11;9;48;2;28;26;23m│[0;48;2;58;50;38m    [0;38;2;59;54;46;48;2;58;50;38m│[0;48;2;58;50;38m  [0;38;2;12;11;9;48;2;28;26;23m│[0;48;2;28;26;23m    [0;38;2;59;54;46;48;2;28;26;23m│[0;48;2;28;26;23m  [0;38;2;12;11;9;48;2;28;26;23m│[0;48;2;28;26;23m    [0;38;2;59;54;46;48;2;28;26;23m│[0;48;2;28;26;23m  [0;38;2;12;11;9;48;2;28;26;23m│[0;48;2;28;26;23m    [0;38;2;59;54;46;48;2;28;26;23m│[0;48;2;28;26;23m  [0;38;2;12;11;9;48;2;28;26;23m│[0;48;2;28;26;23m    [0;38;2;59;54;46;48;2;28;26;23m│[0;48;2;28;26;23m    [0;38;2;107;98;84;48;2;28;26;23m│[0;48;2;28;26;23m [0;38;2;58;53;45;48;2;28;26;23m│[0;48;2;28;26;23m                          [0;38;2;58;53;45;48;2;28;26;23m│[0;48;2;28;26;23m [0m
[0;48;2;28;26;23m [0;38;2;107;98;84;48;2;28;26;23m│[0;48;2;28;26;23m          [0;38;2;59;54;46;48;2;28;26;23m│[0;48;2;28;26;23m  [0;38;2;12;11;9;48;2;28;26;23m│[0;48;2;28;26;23m    [0;38;2;59;54;46;48;2;28;26;23m│[0;48;2;28;26;23m  [0;38;2;12;11;9;48;2;28;26;23m│[0;48;2;28;26;23m    [0;38;2;59;54;46;48;2;28;26;23m│[0;48;2;28;26;23m  [0;38;2;12;11;9;48;2;28;26;23m│[0;48;2;28;26;23m    [0;38;2;59;54;46;48;2;28;26;23m│[0;48;2;28;26;23m  [0;38;2;12;11;9;48;2;28;26;23m│[0;48;2;28;26;23m    [0;38;2;59;54;46;48;2;28;26;23m│[0;48;2;28;26;23m  [0;38;2;12;11;9;48;2;28;26;23m│[0;48;2;58;50;38m    [0;38;2;59;54;46;48;2;58;50;38m│[0;48;2;58;50;38m  [0;38;2;12;11;9;48;2;28;26;23m│[0;48;2;28;26;23m    [0;38;2;59;54;46;48;2;28;26;23m│[0;48;2;28;26;23m  [0;38;2;12;11;9;48;2;28;26;23m│[0;48;2;28;26;23m    [0;38;2;59;54;46;48;2;28;26;23m│[0;48;2;28;26;23m  [0;38;2;12;11;9;48;2;28;26;23m│[0;48;2;28;26;23m    [0;38;2;59;54;46;48;2;28;26;23m│[0;48;2;28;26;23m  [0;38;2;12;11;9;48;2;28;26;23m│[0;48;2;28;26;23m    [0;38;2;59;54;46;48;2;28;26;23m│[0;48;2;28;26;23m    [0;38;2;107;98;84;48;2;28;26;23m│[0;48;2;28;26;23m [0;38;2;58;53;45;48;2;28;26;23m│[0;48;2;28;26;23m                          [0;38;2;58;53;45;48;2;28;26;23m│[0;48;2;28;26;23m [0m
[0;48;2;28;26;23m [0;38;2;107;98;84;48;2;28;26;23m│[0;48;2;28;26;23m          [0;38;2;59;54;46;48;2;28;26;23m│[0;48;2;28;26;23m  [0;38;2;12;11;9;48;2;28;26;23m│[0;48;2;28;26;23m    [0;38;2;59;54;46;48;2;28;26;23m│[0;48;2;28;26;23m  [0;38;2;12;11;9;48;2;28;26;23m│[0;48;2;28;26;23m    [0;38;2;59;54;46;48;2;28;26;23m│[0;48;2;28;26;23m  [0;38;2;12;11;9;48;2;28;26;23m│[0;48;2;28;26;23m    [0;38;2;59;54;46;48;2;28;26;23m│[0;48;2;28;26;23m  [0;38;2;12;11;9;48;2;28;26;23m│[0;48;2;28;26;23m    [0;38;2;59;54;46;48;2;28;26;23m│[0;48;2;28;26;23m  [0;38;2;12;11;9;48;2;28;26;23m│[0;48;2;58;50;38m    [0;38;2;59;54;46;48;2;58;50;38m│[0;48;2;58;50;38m  [0;38;2;12;11;9;48;2;28;26;23m│[0;48;2;28;26;23m    [0;38;2;59;54;46;48;2;28;26;23m│[0;48;2;28;26;23m  [0;38;2;12;11;9;48;2;28;26;23m│[0;48;2;28;26;23m    [0;38;2;59;54;46;48;2;28;26;23m│[0;48;2;28;26;23m  [0;38;2;12;11;9;48;2;28;26;23m│[0;48;2;28;26;23m    [0;38;2;59;54;46;48;2;28;26;23m│[0;48;2;28;26;23m  [0;38;2;12;11;9;48;2;28;26;23m│[0;48;2;28;26;23m    [0;38;2;59;54;46;48;2;28;26;23m│[0;48;2;28;26;23m    [0;38;2;107;98;84;48;2;28;26;23m│[0;48;2;28;26;23m [0;38;2;58;53;45;48;2;28;26;23m│[0;48;2;28;26;23m                          [0;38;2;58;53;45;48;2;28;26;23m│[0;48;2;28;26;23m [0m
[0;48;2;28;26;23m [0;38;2;107;98;84;48;2;28;26;23m│[0;48;2;28;26;23m [0;38;2;126;117;100;48;2;28;26;23m-12[0;48;2;28;26;23m      [0;38;2;59;54;46;48;2;28;26;23m│[0;48;2;28;26;23m  [0;38;2;12;11;9;48;2;28;26;23m│[0;48;2;28;26;23m    [0;38;2;59;54;46;48;2;28;26;23m│[0;48;2;28;26;23m  [0;38;2;12;11;9;48;2;28;26;23m│[0;48;2;28;26;23m    [0;38;2;59;54;46;48;2;28;26;23m│[0;48;2;28;26;23m  [0;38;2;12;11;9;48;2;28;26;23m│[0;48;2;28;26;23m    [0;38;2;59;54;46;48;2;28;26;23m│[0;48;2;28;26;23m  [0;38;2;12;11;9;48;2;28;26;23m│[0;48;2;28;26;23m    [0;38;2;59;54;46;48;2;28;26;23m│[0;48;2;28;26;23m  [0;38;2;12;11;9;48;2;28;26;23m│[0;48;2;58;50;38m    [0;38;2;59;54;46;48;2;58;50;38m│[0;48;2;58;50;38m  [0;38;2;12;11;9;48;2;28;26;23m│[0;48;2;28;26;23m    [0;38;2;59;54;46;48;2;28;26;23m│[0;48;2;28;26;23m  [0;38;2;12;11;9;48;2;28;26;23m│[0;48;2;28;26;23m    [0;38;2;59;54;46;48;2;28;26;23m│[0;48;2;28;26;23m  [0;38;2;12;11;9;48;2;28;26;23m│[0;48;2;28;26;23m    [0;38;2;59;54;46;48;2;28;26;23m│[0;48;2;28;26;23m  [0;38;2;12;11;9;48;2;28;26;23m│[0;48;2;28;26;23m    [0;38;2;59;54;46;48;2;28;26;23m│[0;48;2;28;26;23m    [0;38;2;107;98;84;48;2;28;26;23m│[0;48;2;28;26;23m [0;38;2;58;53;45;48;2;28;26;23m│[0;48;2;28;26;23m                          [0;38;2;58;53;45;48;2;28;26;23m│[0;48;2;28;26;23m [0m
[0;48;2;28;26;23m [0;38;2;107;98;84;48;2;28;26;23m│[0;48;2;28;26;23m      [0;1;38;2;42;37;28;48;2;230;218;189m 32 Hz [0;38;2;12;11;9;48;2;28;26;23m│[0;1;38;2;42;37;28;48;2;230;218;189m 64 Hz [0;38;2;12;11;9;48;2;28;26;23m│[0;1;38;2;42;37;28;48;2;230;218;189m 125 Hz[0;38;2;12;11;9;48;2;28;26;23m│[0;1;38;2;42;37;28;48;2;230;218;189m 250 Hz[0;38;2;12;11;9;48;2;28;26;23m│[0;1;38;2;42;37;28;48;2;230;218;189m 500 Hz[0;38;2;12;11;9;48;2;28;26;23m│[0;1;38;2;42;37;28;48;2;240;162;74m 1k Hz [0;38;2;12;11;9;48;2;28;26;23m│[0;1;38;2;42;37;28;48;2;230;218;189m 2k Hz [0;38;2;12;11;9;48;2;28;26;23m│[0;1;38;2;42;37;28;48;2;230;218;189m 4k Hz [0;38;2;12;11;9;48;2;28;26;23m│[0;1;38;2;42;37;28;48;2;230;218;189m 8k Hz [0;38;2;12;11;9;48;2;28;26;23m│[0;1;38;2;42;37;28;48;2;230;218;189m 16k Hz[0;48;2;28;26;23m  [0;38;2;107;98;84;48;2;28;26;23m│[0;48;2;28;26;23m [0;38;2;58;53;45;48;2;28;26;23m│[0;48;2;28;26;23m                          [0;38;2;58;53;45;48;2;28;26;23m│[0;48;2;28;26;23m [0m
[0;48;2;28;26;23m [0;38;2;107;98;84;48;2;28;26;23m│[0;48;2;28;26;23m        [0;38;2;134;224;166;48;2;11;10;7m +4.8[0;38;2;12;11;9;48;2;28;26;23m│[0;48;2;28;26;23m  [0;38;2;134;224;166;48;2;11;10;7m +4.0[0;38;2;12;11;9;48;2;28;26;23m│[0;48;2;28;26;23m  [0;38;2;134;224;166;48;2;11;10;7m +4.2[0;38;2;12;11;9;48;2;28;26;23m│[0;48;2;28;26;23m  [0;38;2;134;224;166;48;2;11;10;7m +2.3[0;38;2;12;11;9;48;2;28;26;23m│[0;48;2;28;26;23m  [0;38;2;126;117;100;48;2;11;10;7m  0.0[0;38;2;12;11;9;48;2;28;26;23m│[0;48;2;28;26;23m  [0;1;38;2;255;181;71;48;2;11;10;7m -3.1[0;38;2;12;11;9;48;2;28;26;23m│[0;48;2;28;26;23m  [0;38;2;126;117;100;48;2;11;10;7m  0.0[0;38;2;12;11;9;48;2;28;26;23m│[0;48;2;28;26;23m  [0;38;2;126;117;100;48;2;11;10;7m  0.0[0;38;2;12;11;9;48;2;28;26;23m│[0;48;2;28;26;23m  [0;38;2;134;224;166;48;2;11;10;7m +3.1[0;38;2;12;11;9;48;2;28;26;23m│[0;48;2;28;26;23m  [0;38;2;134;224;166;48;2;11;10;7m +2.4[0;48;2;28;26;23m  [0;38;2;107;98;84;48;2;28;26;23m│[0;48;2;28;26;23m [0;38;2;58;53;45;48;2;28;26;23m│[0;48;2;28;26;23m                          [0;38;2;58;53;45;48;2;28;26;23m│[0;48;2;28;26;23m [0m
[0;48;2;28;26;23m [0;38;2;107;98;84;48;2;28;26;23m│[0;48;2;28;26;23m        [0;38;2;61;220;116;48;2;28;26;23m▆▆▆[0;38;2;245;213;71;48;2;28;26;23m▆[0;38;2;58;21;18;48;2;28;26;23m▆[0;38;2;12;11;9;48;2;28;26;23m│[0;48;2;28;26;23m  [0;38;2;61;220;116;48;2;28;26;23m▆▆▆[0;38;2;245;213;71;48;2;28;26;23m▆[0;38;2;58;21;18;48;2;28;26;23m▆[0;38;2;12;11;9;48;2;28;26;23m│[0;48;2;28;26;23m  [0;38;2;61;220;116;48;2;28;26;23m▆▆▆[0;38;2;245;213;71;48;2;28;26;23m▆[0;38;2;58;21;18;48;2;28;26;23m▆[0;38;2;12;11;9;48;2;28;26;23m│[0;48;2;28;26;23m  [0;38;2;61;220;116;48;2;28;26;23m▆▆▆[0;38;2;245;213;71;48;2;28;26;23m▆[0;38;2;58;21;18;48;2;28;26;23m▆[0;38;2;12;11;9;48;2;28;26;23m│[0;48;2;28;26;23m  [0;38;2;61;220;116;48;2;28;26;23m▆▆▆[0;38;2;53;47;16;48;2;28;26;23m▆[0;38;2;58;21;18;48;2;28;26;23m▆[0;38;2;12;11;9;48;2;28;26;23m│[0;48;2;28;26;23m  [0;38;2;61;220;116;48;2;28;26;23m▆▆▆[0;38;2;245;213;71;48;2;28;26;23m▆[0;38;2;58;21;18;48;2;28;26;23m▆[0;38;2;12;11;9;48;2;28;26;23m│[0;48;2;28;26;23m  [0;38;2;61;220;116;48;2;28;26;23m▆▆▆[0;38;2;53;47;16;48;2;28;26;23m▆[0;38;2;58;21;18;48;2;28;26;23m▆[0;38;2;12;11;9;48;2;28;26;23m│[0;48;2;28;26;23m  [0;38;2;61;220;116;48;2;28;26;23m▆▆▆[0;38;2;53;47;16;48;2;28;26;23m▆[0;38;2;58;21;18;48;2;28;26;23m▆[0;38;2;12;11;9;48;2;28;26;23m│[0;48;2;28;26;23m  [0;38;2;61;220;116;48;2;28;26;23m▆▆▆[0;38;2;53;47;16;48;2;28;26;23m▆[0;38;2;58;21;18;48;2;28;26;23m▆[0;38;2;12;11;9;48;2;28;26;23m│[0;48;2;28;26;23m  [0;38;2;61;220;116;48;2;28;26;23m▆▆[0;38;2;18;48;29;48;2;28;26;23m▆[0;38;2;53;47;16;48;2;28;26;23m▆[0;38;2;58;21;18;48;2;28;26;23m▆[0;48;2;28;26;23m  [0;38;2;107;98;84;48;2;28;26;23m│[0;48;2;28;26;23m [0;38;2;58;53;45;48;2;28;26;23m│[0;48;2;28;26;23m                          [0;38;2;58;53;45;48;2;28;26;23m│[0;48;2;28;26;23m [0m
[0;48;2;28;26;23m [0;38;2;107;98;84;48;2;28;26;23m╰───────────────────────────────────────────────────────────────────────────────────────╯[0;48;2;28;26;23m [0;38;2;58;53;45;48;2;28;26;23m╰──────────────────────────╯[0;48;2;28;26;23m [0m
[0;48;2;28;26;23m [0;38;2;185;174;151;48;2;28;26;23m1 kHz selected — ↑↓ 0.5 dB, ⇧↑↓ 3 dB, Alt↑↓ 0.1 dB, Enter types a value[0;48;2;28;26;23m                                                [0m
[0;1;38;2;244;236;216;48;2;52;48;42m ← → [0;38;2;126;117;100;48;2;28;26;23m select  [0;1;38;2;244;236;216;48;2;52;48;42m ↑ ↓ [0;38;2;126;117;100;48;2;28;26;23m ±0.5  [0;1;38;2;244;236;216;48;2;52;48;42m ⇧↑↓ [0;38;2;126;117;100;48;2;28;26;23m ±3  [0;1;38;2;244;236;216;48;2;52;48;42m Enter [0;38;2;126;117;100;48;2;28;26;23m exact  [0;1;38;2;244;236;216;48;2;52;48;42m 0 Del [0;38;2;126;117;100;48;2;28;26;23m reset  [0;1;38;2;244;236;216;48;2;52;48;42m Tab [0;38;2;126;117;100;48;2;28;26;23m group  [0;1;38;2;244;236;216;48;2;52;48;42m Alt↑↓ [0;38;2;126;117;100;48;2;28;26;23m ±0.1  [0;1;38;2;244;236;216;48;2;52;48;42m ? [0;38;2;126;117;100;48;2;28;26;23m keys  [0;1;38;2;244;236;216;48;2;52;48;42m q [0;38;2;126;117;100;48;2;28;26;23m quit[0;48;2;28;26;23m         [0m
