[0;48;2;35;32;28m [0;38;2;126;117;100;48;2;35;32;28mDEVICE [0;1;38;2;244;236;216;48;2;35;32;28mBE-RCA[0;48;2;35;32;28m   [0;38;2;126;117;100;48;2;35;32;28mRATE [0;1;38;2;236;227;207;48;2;35;32;28m44.1k[0;48;2;35;32;28m   [0;38;2;126;117;100;48;2;35;32;28mPRESET [0;1;38;2;244;236;216;48;2;35;32;28mfavourite*[0;48;2;35;32;28m      [0;38;2;58;35;32;48;2;35;32;28m●[0;48;2;35;32;28m [0;38;2;126;117;100;48;2;35;32;28mSOLO[0;48;2;35;32;28m  [0;38;2;58;35;32;48;2;35;32;28m●[0;48;2;35;32;28m [0;38;2;126;117;100;48;2;35;32;28mBYPASS[0;48;2;35;32;28m  [0;38;2;58;35;32;48;2;35;32;28m●[0;48;2;35;32;28m [0;38;2;126;117;100;48;2;35;32;28mLIMIT[0;48;2;35;32;28m  [0m
[0;48;2;28;26;23m [0;48;2;52;48;42m [0;4;38;2;240;162;74;48;2;52;48;42mM[0;38;2;185;174;151;48;2;52;48;42mETER [0;48;2;28;26;23m [0;48;2;52;48;42m [0;4;38;2;240;162;74;48;2;52;48;42mT[0;38;2;185;174;151;48;2;52;48;42mUNE [0;48;2;28;26;23m [0;1;38;2;22;20;15;48;2;240;162;74m INSTRUMENTS [0;48;2;28;26;23m [0;48;2;52;48;42m [0;4;38;2;240;162;74;48;2;52;48;42mE[0;38;2;185;174;151;48;2;52;48;42mVENTS [0;48;2;28;26;23m                              [0;1;38;2;240;162;74;48;2;28;26;23mg[0;38;2;126;117;100;48;2;28;26;23m go[0;48;2;28;26;23m  [0;1;38;2;240;162;74;48;2;28;26;23m;[0;38;2;126;117;100;48;2;28;26;23m cmd[0;48;2;28;26;23m [0m
[0;48;2;28;26;23m [0;38;2;58;53;45;48;2;28;26;23m╭─[0;1;38;2;185;174;151;48;2;28;26;23m INSTRUMENTS [0;38;2;58;53;45;48;2;28;26;23m───────────────────────────────────[0;38;2;126;117;100;48;2;28;26;23m 8 instruments · 17 ranges [0;38;2;58;53;45;48;2;28;26;23m╮[0;48;2;28;26;23m [0m
[0;48;2;28;26;23m [0;38;2;58;53;45;48;2;28;26;23m│[0;48;2;28;26;23m     [0;38;2;126;117;100;48;2;28;26;23mINSTRUMENT[0;48;2;28;26;23m           [0;38;2;126;117;100;48;2;28;26;23m KNOB[0;48;2;28;26;23m  [0;38;2;126;117;100;48;2;28;26;23mLEVEL[0;48;2;28;26;23m      [0;38;2;126;117;100;48;2;28;26;23mRANGE[0;48;2;28;26;23m         [0;38;2;126;117;100;48;2;28;26;23mHZ[0;48;2;28;26;23m                [0;38;2;58;53;45;48;2;28;26;23m│[0;48;2;28;26;23m [0m
[0;48;2;28;26;23m [0;38;2;58;53;45;48;2;28;26;23m│[0;48;2;58;50;38m [0;1;38;2;240;162;74;48;2;58;50;38m▸[0;48;2;58;50;38m [0;38;2;255;122;89;48;2;58;50;38m●[0;48;2;58;50;38m [0;1;38;2;244;236;216;48;2;58;50;38mkick[0;48;2;58;50;38m     [0;38;2;42;38;33;48;2;58;50;38m┄┄┄┄┄[0;38;2;107;98;84;48;2;58;50;38m┼[0;38;2;42;38;33;48;2;58;50;38m┄┄┄┄┄[0;48;2;58;50;38m [0;38;2;126;117;100;48;2;58;50;38m  0.0[0;48;2;58;50;38m  [0;38;2;61;220;116;48;2;58;50;38m▆▆▆▆▆▆[0;38;2;245;213;71;48;2;58;50;38m▆[0;38;2;58;21;18;48;2;58;50;38m▆[0;48;2;58;50;38m [0;38;2;255;122;89;48;2;58;50;38m◆[0;48;2;58;50;38m [0;1;38;2;236;227;207;48;2;58;50;38mthump[0;48;2;58;50;38m         [0;38;2;185;174;151;48;2;58;50;38m50–100[0;48;2;58;50;38m            [0;38;2;58;53;45;48;2;28;26;23m│[0;48;2;28;26;23m [0m
[0;48;2;28;26;23m [0;38;2;58;53;45;48;2;28;26;23m│[0;48;2;58;50;38m                                          [0;38;2;255;122;89;48;2;58;50;38m [0;48;2;58;50;38m [0;38;2;185;174;151;48;2;58;50;38mbeater click[0;48;2;58;50;38m  [0;38;2;185;174;151;48;2;58;50;38m2k–5k[0;48;2;58;50;38m             [0;38;2;58;53;45;48;2;28;26;23m│[0;48;2;28;26;23m [0m
[0;48;2;28;26;23m [0;38;2;58;53;45;48;2;28;26;23m│[0;48;2;28;26;23m   [0;38;2;255;174;87;48;2;28;26;23m●[0;48;2;28;26;23m [0;38;2;236;227;207;48;2;28;26;23mbass[0;48;2;28;26;23m     [0;38;2;42;38;33;48;2;28;26;23m┄┄┄┄┄[0;38;2;107;98;84;48;2;28;26;23m┼[0;38;2;42;38;33;48;2;28;26;23m┄┄┄┄┄[0;48;2;28;26;23m [0;38;2;126;117;100;48;2;28;26;23m  0.0[0;48;2;28;26;23m  [0;38;2;61;220;116;48;2;28;26;23m▆▆▆▆▆▆[0;38;2;245;213;71;48;2;28;26;23m▆[0;38;2;58;21;18;48;2;28;26;23m▆[0;48;2;28;26;23m [0;38;2;255;174;87;48;2;28;26;23m [0;48;2;28;26;23m [0;38;2;185;174;151;48;2;28;26;23mfundamental[0;48;2;28;26;23m   [0;38;2;185;174;151;48;2;28;26;23m40–250[0;48;2;28;26;23m            [0;38;2;58;53;45;48;2;28;26;23m│[0;48;2;28;26;23m [0m
[0;48;2;28;26;23m [0;38;2;58;53;45;48;2;28;26;23m│[0;48;2;28;26;23m                                          [0;38;2;255;174;87;48;2;28;26;23m◆[0;48;2;28;26;23m [0;1;38;2;236;227;207;48;2;28;26;23mgrowl/attack[0;48;2;28;26;23m  [0;38;2;185;174;151;48;2;28;26;23m700–1.2k[0;48;2;28;26;23m          [0;38;2;58;53;45;48;2;28;26;23m│[0;48;2;28;26;23m [0m
[0;48;2;28;26;23m [0;38;2;58;53;45;48;2;28;26;23m│[0;48;2;28;26;23m   [0;38;2;255;217;102;48;2;28;26;23m●[0;48;2;28;26;23m [0;38;2;236;227;207;48;2;28;26;23msnare[0;48;2;28;26;23m    [0;38;2;42;38;33;48;2;28;26;23m┄┄┄┄┄[0;38;2;107;98;84;48;2;28;26;23m┼[0;38;2;42;38;33;48;2;28;26;23m┄┄┄┄┄[0;48;2;28;26;23m [0;38;2;126;117;100;48;2;28;26;23m  0.0[0;48;2;28;26;23m  [0;38;2;61;220;116;48;2;28;26;23m▆▆▆▆▆▆[0;38;2;245;213;71;48;2;28;26;23m▆[0;38;2;58;21;18;48;2;28;26;23m▆[0;48;2;28;26;23m [0;38;2;255;217;102;48;2;28;26;23m [0;48;2;28;26;23m [0;38;2;185;174;151;48;2;28;26;23mbody[0;48;2;28;26;23m          [0;38;2;185;174;151;48;2;28;26;23m150–250[0;48;2;28;26;23m           [0;38;2;58;53;45;48;2;28;26;23m│[0;48;2;28;26;23m [0m
[0;48;2;28;26;23m [0;38;2;58;53;45;48;2;28;26;23m│[0;48;2;28;26;23m                                          [0;38;2;255;217;102;48;2;28;26;23m◆[0;48;2;28;26;23m [0;1;38;2;236;227;207;48;2;28;26;23mcrack[0;48;2;28;26;23m         [0;38;2;185;174;151;48;2;28;26;23m4k–6k[0;48;2;28;26;23m             [0;38;2;58;53;45;48;2;28;26;23m│[0;48;2;28;26;23m [0m
[0;48;2;28;26;23m [0;38;2;58;53;45;48;2;28;26;23m│[0;48;2;28;26;23m   [0;38;2;181;227;107;48;2;28;26;23m●[0;48;2;28;26;23m [0;38;2;236;227;207;48;2;28;26;23mguitar[0;48;2;28;26;23m   [0;38;2;42;38;33;48;2;28;26;23m┄┄┄┄┄[0;38;2;107;98;84;48;2;28;26;23m┼[0;38;2;42;38;33;48;2;28;26;23m┄┄┄┄┄[0;48;2;28;26;23m [0;38;2;126;117;100;48;2;28;26;23m  0.0[0;48;2;28;26;23m  [0;38;2;61;220;116;48;2;28;26;23m▆▆▆▆▆▆[0;38;2;245;213;71;48;2;28;26;23m▆[0;38;2;58;21;18;48;2;28;26;23m▆[0;48;2;28;26;23m [0;38;2;181;227;107;48;2;28;26;23m [0;48;2;28;26;23m [0;38;2;185;174;151;48;2;28;26;23mbody[0;48;2;28;26;23m          [0;38;2;185;174;151;48;2;28;26;23m80–1.2k[0;48;2;28;26;23m           [0;38;2;58;53;45;48;2;28;26;23m│[0;48;2;28;26;23m [0m
[0;48;2;28;26;23m [0;38;2;58;53;45;48;2;28;26;23m│[0;48;2;28;26;23m                                          [0;38;2;181;227;107;48;2;28;26;23m◆[0;48;2;28;26;23m [0;1;38;2;236;227;207;48;2;28;26;23mbite[0;48;2;28;26;23m          [0;38;2;185;174;151;48;2;28;26;23m2k–5k[0;48;2;28;26;23m             [0;38;2;58;53;45;48;2;28;26;23m│[0;48;2;28;26;23m [0m
[0;48;2;28;26;23m [0;38;2;58;53;45;48;2;28;26;23m│[0;48;2;28;26;23m   [0;38;2;79;214;196;48;2;28;26;23m●[0;48;2;28;26;23m [0;38;2;236;227;207;48;2;28;26;23mpiano[0;48;2;28;26;23m    [0;38;2;42;38;33;48;2;28;26;23m┄┄┄┄┄[0;38;2;107;98;84;48;2;28;26;23m┼[0;38;2;42;38;33;48;2;28;26;23m┄┄┄┄┄[0;48;2;28;26;23m [0;38;2;126;117;100;48;2;28;26;23m  0.0[0;48;2;28;26;23m  [0;38;2;61;220;116;48;2;28;26;23m▆▆▆▆▆▆[0;38;2;245;213;71;48;2;28;26;23m▆[0;38;2;58;21;18;48;2;28;26;23m▆[0;48;2;28;26;23m [0;38;2;79;214;196;48;2;28;26;23m [0;48;2;28;26;23m [0;38;2;185;174;151;48;2;28;26;23mfundamental[0;48;2;28;26;23m   [0;38;2;185;174;151;48;2;28;26;23m27–4.2k[0;48;2;28;26;23m           [0;38;2;58;53;45;48;2;28;26;23m│[0;48;2;28;26;23m [0m
[0;48;2;28;26;23m [0;38;2;58;53;45;48;2;28;26;23m│[0;48;2;28;26;23m                                          [0;38;2;79;214;196;48;2;28;26;23m◆[0;48;2;28;26;23m [0;1;38;2;236;227;207;48;2;28;26;23mbrightness[0;48;2;28;26;23m    [0;38;2;185;174;151;48;2;28;26;23m4k–8k[0;48;2;28;26;23m             [0;38;2;58;53;45;48;2;28;26;23m│[0;48;2;28;26;23m [0m
[0;48;2;28;26;23m [0;38;2;58;53;45;48;2;28;26;23m│[0;48;2;28;26;23m   [0;38;2;108;182;255;48;2;28;26;23m●[0;48;2;28;26;23m [0;38;2;236;227;207;48;2;28;26;23mvoice[0;48;2;28;26;23m    [0;38;2;42;38;33;48;2;28;26;23m┄┄┄┄┄[0;38;2;107;98;84;48;2;28;26;23m┼[0;38;2;134;224;166;48;2;28;26;23m●[0;38;2;42;38;33;48;2;28;26;23m┄┄┄┄[0;48;2;28;26;23m [0;38;2;134;224;166;48;2;28;26;23m +3.0[0;48;2;28;26;23m  [0;38;2;61;220;116;48;2;28;26;23m▆▆▆▆▆▆[0;38;2;245;213;71;48;2;28;26;23m▆[0;38;2;58;21;18;48;2;28;26;23m▆[0;48;2;28;26;23m [0;38;2;108;182;255;48;2;28;26;23m [0;48;2;28;26;23m [0;38;2;185;174;151;48;2;28;26;23mfundamental[0;48;2;28;26;23m   [0;38;2;185;174;151;48;2;28;26;23m85–255[0;48;2;28;26;23m            [0;38;2;58;53;45;48;2;28;26;23m│[0;48;2;28;26;23m [0m
[0;48;2;28;26;23m [0;38;2;58;53;45;48;2;28;26;23m│[0;48;2;28;26;23m                                          [0;38;2;108;182;255;48;2;28;26;23m [0;48;2;28;26;23m [0;38;2;185;174;151;48;2;28;26;23mF1[0;48;2;28;26;23m            [0;38;2;185;174;151;48;2;28;26;23m300–1k[0;48;2;28;26;23m            [0;38;2;58;53;45;48;2;28;26;23m│[0;48;2;28;26;23m [0m
[0;48;2;28;26;23m [0;38;2;58;53;45;48;2;28;26;23m│[0;48;2;28;26;23m                                          [0;38;2;108;182;255;48;2;28;26;23m [0;48;2;28;26;23m [0;38;2;185;174;151;48;2;28;26;23mF2[0;48;2;28;26;23m            [0;38;2;185;174;151;48;2;28;26;23m900–2.8k[0;48;2;28;26;23m          [0;38;2;58;53;45;48;2;28;26;23m│[0;48;2;28;26;23m [0m
[0;48;2;28;26;23m [0;38;2;58;53;45;48;2;28;26;23m╰────────────────────────────────────────────────────────────────────────────╯[0;48;2;28;26;23m [0m
[0;48;2;28;26;23m [0;38;2;58;53;45;48;2;28;26;23m╭─[0;1;38;2;185;174;151;48;2;28;26;23m NOW [0;38;2;58;53;45;48;2;28;26;23m──────────────────────────────────────────────────────────────────────╮[0;48;2;28;26;23m [0m
[0;48;2;28;26;23m [0;38;2;58;53;45;48;2;28;26;23m│[0;48;2;28;26;23m  [0;38;2;245;213;71;48;2;28;26;23m▆▆▆▆▆[0;48;2;28;26;23m  [0;38;2;245;213;71;48;2;28;26;23m▆▆▆▆▆[0;48;2;28;26;23m  [0;38;2;245;213;71;48;2;28;26;23m▆▆▆▆▆[0;48;2;28;26;23m  [0;38;2;245;213;71;48;2;28;26;23m▆▆▆▆▆[0;48;2;28;26;23m  [0;38;2;61;220;116;48;2;28;26;23m▆▆▆▆▆[0;48;2;28;26;23m  [0;38;2;245;213;71;48;2;28;26;23m▆▆▆▆▆[0;48;2;28;26;23m  [0;38;2;61;220;116;48;2;28;26;23m▆▆▆▆▆[0;48;2;28;26;23m  [0;38;2;61;220;116;48;2;28;26;23m▆▆▆▆▆[0;48;2;28;26;23m  [0;38;2;61;220;116;48;2;28;26;23m▆▆▆▆▆[0;48;2;28;26;23m  [0;38;2;61;220;116;48;2;28;26;23m▆▆▆▆▆[0;48;2;28;26;23m      [0;38;2;58;53;45;48;2;28;26;23m│[0;48;2;28;26;23m [0m
[0;48;2;28;26;23m [0;38;2;58;53;45;48;2;28;26;23m│[0;48;2;28;26;23m  [0;38;2;126;117;100;48;2;28;26;23m32Hz[0;48;2;28;26;23m   [0;38;2;126;117;100;48;2;28;26;23m64Hz[0;48;2;28;26;23m   [0;38;2;126;117;100;48;2;28;26;23m125Hz[0;48;2;28;26;23m  [0;38;2;126;117;100;48;2;28;26;23m250Hz[0;48;2;28;26;23m  [0;38;2;126;117;100;48;2;28;26;23m500Hz[0;48;2;28;26;23m  [0;38;2;126;117;100;48;2;28;26;23m1kHz[0;48;2;28;26;23m   [0;38;2;126;117;100;48;2;28;26;23m2kHz[0;48;2;28;26;23m   [0;38;2;126;117;100;48;2;28;26;23m4kHz[0;48;2;28;26;23m   [0;38;2;126;117;100;48;2;28;26;23m8kHz[0;48;2;28;26;23m   [0;38;2;126;117;100;48;2;28;26;23m16kHz[0;48;2;28;26;23m      [0;38;2;58;53;45;48;2;28;26;23m│[0;48;2;28;26;23m [0m
[0;48;2;28;26;23m [0;38;2;58;53;45;48;2;28;26;23m╰────────────────────────────────────────────────────────────────────────────╯[0;48;2;28;26;23m [0m
[0;48;2;28;26;23m                                                                                [0m
[0;1;38;2;244;236;216;48;2;52;48;42m ↑↓ [0;38;2;126;117;100;48;2;28;26;23m move  [0;1;38;2;244;236;216;48;2;52;48;42m Enter [0;38;2;126;117;100;48;2;28;26;23m focus  [0;1;38;2;244;236;216;48;2;52;48;42m ← → [0;38;2;126;117;100;48;2;28;26;23m knob  [0;1;38;2;244;236;216;48;2;52;48;42m l [0;38;2;126;117;100;48;2;28;26;23m listen off  [0;1;38;2;244;236;216;48;2;52;48;42m ? [0;38;2;126;117;100;48;2;28;26;23m keys  [0;1;38;2;244;236;216;48;2;52;48;42m q [0;38;2;126;117;100;48;2;28;26;23m quit[0;48;2;28;26;23m        [0m
