[0;48;2;35;32;28m [0;38;2;126;117;100;48;2;35;32;28mDEVICE [0;1;38;2;244;236;216;48;2;35;32;28mBE-RCA[0;48;2;35;32;28m   [0;38;2;126;117;100;48;2;35;32;28mRATE [0;1;38;2;236;227;207;48;2;35;32;28m44.1k[0;48;2;35;32;28m   [0;38;2;126;117;100;48;2;35;32;28mPRESET [0;1;38;2;244;236;216;48;2;35;32;28mfavourite*[0;48;2;35;32;28m   [0;38;2;126;117;100;48;2;35;32;28mVOICE [0;1;38;2;134;224;166;48;2;35;32;28m+3.0[0;48;2;35;32;28m                                 [0;38;2;58;35;32;48;2;35;32;28m●[0;48;2;35;32;28m [0;38;2;126;117;100;48;2;35;32;28mSOLO[0;48;2;35;32;28m  [0;38;2;58;35;32;48;2;35;32;28m●[0;48;2;35;32;28m [0;38;2;126;117;100;48;2;35;32;28mBYPASS[0;48;2;35;32;28m  [0;38;2;58;35;32;48;2;35;32;28m●[0;48;2;35;32;28m [0;38;2;126;117;100;48;2;35;32;28mLIMIT[0;48;2;35;32;28m  [0m
[0;48;2;28;26;23m [0;48;2;52;48;42m [0;4;38;2;240;162;74;48;2;52;48;42mM[0;38;2;185;174;151;48;2;52;48;42mETER [0;48;2;28;26;23m [0;48;2;52;48;42m [0;4;38;2;240;162;74;48;2;52;48;42mT[0;38;2;185;174;151;48;2;52;48;42mUNE [0;48;2;28;26;23m [0;48;2;52;48;42m [0;4;38;2;240;162;74;48;2;52;48;42mI[0;38;2;185;174;151;48;2;52;48;42mNSTRUMENTS [0;48;2;28;26;23m [0;1;38;2;22;20;15;48;2;240;162;74m EVENTS [0;48;2;28;26;23m                                                                      [0;1;38;2;240;162;74;48;2;28;26;23mg[0;38;2;126;117;100;48;2;28;26;23m go[0;48;2;28;26;23m  [0;1;38;2;240;162;74;48;2;28;26;23m;[0;38;2;126;117;100;48;2;28;26;23m cmd[0;48;2;28;26;23m [0m
[0;48;2;28;26;23m [0;38;2;58;53;45;48;2;28;26;23m╭─[0;1;38;2;185;174;151;48;2;28;26;23m EVENT LOG [0;38;2;58;53;45;48;2;28;26;23m───────────────────────────────────────────────────────────────────────────────────────[0;38;2;126;117;100;48;2;28;26;23m live · 11 of 11 [0;38;2;58;53;45;48;2;28;26;23m╮[0;48;2;28;26;23m [0m
[0;48;2;28;26;23m [0;38;2;58;53;45;48;2;28;26;23m│[0;48;2;28;26;23m                                                                                                                    [0;38;2;58;53;45;48;2;28;26;23m│[0;48;2;28;26;23m [0m
[0;48;2;28;26;23m [0;38;2;58;53;45;48;2;28;26;23m│[0;48;2;28;26;23m                                                                                                                    [0;38;2;58;53;45;48;2;28;26;23m│[0;48;2;28;26;23m [0m
[0;48;2;28;26;23m [0;38;2;58;53;45;48;2;28;26;23m│[0;48;2;28;26;23m                                                                                                                    [0;38;2;58;53;45;48;2;28;26;23m│[0;48;2;28;26;23m [0m
[0;48;2;28;26;23m [0;38;2;58;53;45;48;2;28;26;23m│[0;48;2;28;26;23m                                                                                                                    [0;38;2;58;53;45;48;2;28;26;23m│[0;48;2;28;26;23m [0m
[0;48;2;28;26;23m [0;38;2;58;53;45;48;2;28;26;23m│[0;48;2;28;26;23m                                                                                                                    [0;38;2;58;53;45;48;2;28;26;23m│[0;48;2;28;26;23m [0m
[0;48;2;28;26;23m [0;38;2;58;53;45;48;2;28;26;23m│[0;48;2;28;26;23m                                                                                                                    [0;38;2;58;53;45;48;2;28;26;23m│[0;48;2;28;26;23m [0m
[0;48;2;28;26;23m [0;38;2;58;53;45;48;2;28;26;23m│[0;48;2;28;26;23m                                                                                                                    [0;38;2;58;53;45;48;2;28;26;23m│[0;48;2;28;26;23m [0m
[0;48;2;28;26;23m [0;38;2;58;53;45;48;2;28;26;23m│[0;48;2;28;26;23m                                                                                                                    [0;38;2;58;53;45;48;2;28;26;23m│[0;48;2;28;26;23m [0m
[0;48;2;28;26;23m [0;38;2;58;53;45;48;2;28;26;23m│[0;48;2;28;26;23m                                                                                                                    [0;38;2;58;53;45;48;2;28;26;23m│[0;48;2;28;26;23m [0m
[0;48;2;28;26;23m [0;38;2;58;53;45;48;2;28;26;23m│[0;48;2;28;26;23m                                                                                                                    [0;38;2;58;53;45;48;2;28;26;23m│[0;48;2;28;26;23m [0m
[0;48;2;28;26;23m [0;38;2;58;53;45;48;2;28;26;23m│[0;48;2;28;26;23m                                                                                                                    [0;38;2;58;53;45;48;2;28;26;23m│[0;48;2;28;26;23m [0m
[0;48;2;28;26;23m [0;38;2;58;53;45;48;2;28;26;23m│[0;48;2;28;26;23m                                                                                                                    [0;38;2;58;53;45;48;2;28;26;23m│[0;48;2;28;26;23m [0m
[0;48;2;28;26;23m [0;38;2;58;53;45;48;2;28;26;23m│[0;48;2;28;26;23m                                                                                                                    [0;38;2;58;53;45;48;2;28;26;23m│[0;48;2;28;26;23m [0m
[0;48;2;28;26;23m [0;38;2;58;53;45;48;2;28;26;23m│[0;48;2;28;26;23m                                                                                                                    [0;38;2;58;53;45;48;2;28;26;23m│[0;48;2;28;26;23m [0m
[0;48;2;28;26;23m [0;38;2;58;53;45;48;2;28;26;23m│[0;48;2;28;26;23m                                                                                                                    [0;38;2;58;53;45;48;2;28;26;23m│[0;48;2;28;26;23m [0m
[0;48;2;28;26;23m [0;38;2;58;53;45;48;2;28;26;23m│[0;48;2;28;26;23m                                                                                                                    [0;38;2;58;53;45;48;2;28;26;23m│[0;48;2;28;26;23m [0m
[0;48;2;28;26;23m [0;38;2;58;53;45;48;2;28;26;23m│[0;48;2;28;26;23m                                                                                                                    [0;38;2;58;53;45;48;2;28;26;23m│[0;48;2;28;26;23m [0m
[0;48;2;28;26;23m [0;38;2;58;53;45;48;2;28;26;23m│[0;48;2;28;26;23m                                                                                                                    [0;38;2;58;53;45;48;2;28;26;23m│[0;48;2;28;26;23m [0m
[0;48;2;28;26;23m [0;38;2;58;53;45;48;2;28;26;23m│[0;48;2;28;26;23m                                                                                                                    [0;38;2;58;53;45;48;2;28;26;23m│[0;48;2;28;26;23m [0m
[0;48;2;28;26;23m [0;38;2;58;53;45;48;2;28;26;23m│[0;48;2;28;26;23m [0;38;2;255;181;71;48;2;11;10;7m 08:59:58 [0;48;2;28;26;23m [0;1;38;2;61;220;116;48;2;28;26;23mDAEMON  [0;48;2;28;26;23m [0;38;2;236;227;207;48;2;28;26;23mrunning · eq 2026.09.29.3[0;48;2;28;26;23m                                                                      [0;38;2;58;53;45;48;2;28;26;23m│[0;48;2;28;26;23m [0m
[0;48;2;28;26;23m [0;38;2;58;53;45;48;2;28;26;23m│[0;48;2;28;26;23m [0;38;2;255;181;71;48;2;11;10;7m 09:00:01 [0;48;2;28;26;23m [0;1;38;2;240;162;74;48;2;28;26;23mDEVICE  [0;48;2;28;26;23m [0;38;2;236;227;207;48;2;28;26;23mBE-RCA · USB · 44.1 kHz[0;48;2;28;26;23m                                                                        [0;38;2;58;53;45;48;2;28;26;23m│[0;48;2;28;26;23m [0m
[0;48;2;28;26;23m [0;38;2;58;53;45;48;2;28;26;23m│[0;48;2;28;26;23m [0;38;2;255;181;71;48;2;11;10;7m 09:00:01 [0;48;2;28;26;23m [0;1;38;2;134;224;166;48;2;28;26;23mPROFILE [0;48;2;28;26;23m [0;38;2;236;227;207;48;2;28;26;23mBE-RCA plays preset favourite (device)[0;48;2;28;26;23m                                                         [0;38;2;58;53;45;48;2;28;26;23m│[0;48;2;28;26;23m [0m
[0;48;2;28;26;23m [0;38;2;58;53;45;48;2;28;26;23m│[0;48;2;28;26;23m [0;38;2;255;181;71;48;2;11;10;7m 09:12:40 [0;48;2;28;26;23m [0;1;38;2;245;140;195;48;2;28;26;23mAPP     [0;48;2;28;26;23m [0;38;2;236;227;207;48;2;28;26;23mSpotify plays, preset flat[0;48;2;28;26;23m                                                                     [0;38;2;58;53;45;48;2;28;26;23m│[0;48;2;28;26;23m [0m
[0;48;2;28;26;23m [0;38;2;58;53;45;48;2;28;26;23m│[0;48;2;28;26;23m [0;38;2;255;181;71;48;2;11;10;7m 09:12:44 [0;48;2;28;26;23m [0;1;38;2;255;207;74;48;2;28;26;23mSOLO    [0;48;2;28;26;23m [0;38;2;236;227;207;48;2;28;26;23mlistening to 85 Hz–9 kHz[0;48;2;28;26;23m                                                                       [0;38;2;58;53;45;48;2;28;26;23m│[0;48;2;28;26;23m [0m
[0;48;2;28;26;23m [0;38;2;58;53;45;48;2;28;26;23m│[0;48;2;28;26;23m [0;38;2;255;181;71;48;2;11;10;7m 09:13:02 [0;48;2;28;26;23m [0;1;38;2;255;207;74;48;2;28;26;23mSOLO    [0;48;2;28;26;23m [0;38;2;236;227;207;48;2;28;26;23moff[0;48;2;28;26;23m                                                                                            [0;38;2;58;53;45;48;2;28;26;23m│[0;48;2;28;26;23m [0m
[0;48;2;28;26;23m [0;38;2;58;53;45;48;2;28;26;23m│[0;48;2;28;26;23m [0;38;2;255;181;71;48;2;11;10;7m 09:20:15 [0;48;2;28;26;23m [0;1;38;2;245;198;71;48;2;28;26;23mENABLED [0;48;2;28;26;23m [0;38;2;236;227;207;48;2;28;26;23mbypassed[0;48;2;28;26;23m                                                                                       [0;38;2;58;53;45;48;2;28;26;23m│[0;48;2;28;26;23m [0m
[0;48;2;28;26;23m [0;38;2;58;53;45;48;2;28;26;23m│[0;48;2;28;26;23m [0;38;2;255;181;71;48;2;11;10;7m 09:20:18 [0;48;2;28;26;23m [0;1;38;2;61;220;116;48;2;28;26;23mENABLED [0;48;2;28;26;23m [0;38;2;236;227;207;48;2;28;26;23mon[0;48;2;28;26;23m                                                                                             [0;38;2;58;53;45;48;2;28;26;23m│[0;48;2;28;26;23m [0m
[0;48;2;28;26;23m [0;38;2;58;53;45;48;2;28;26;23m│[0;48;2;28;26;23m [0;38;2;255;181;71;48;2;11;10;7m 09:31:07 [0;48;2;28;26;23m [0;1;38;2;185;174;151;48;2;28;26;23mRATE    [0;48;2;28;26;23m [0;38;2;236;227;207;48;2;28;26;23mBE-RCA at 48 kHz[0;48;2;28;26;23m                                                                               [0;38;2;58;53;45;48;2;28;26;23m│[0;48;2;28;26;23m [0m
[0;48;2;28;26;23m [0;38;2;58;53;45;48;2;28;26;23m│[0;48;2;28;26;23m [0;38;2;255;181;71;48;2;11;10;7m 09:40:00 [0;48;2;28;26;23m [0;1;38;2;245;198;71;48;2;28;26;23mMODE    [0;48;2;28;26;23m [0;38;2;236;227;207;48;2;28;26;23mdriver · on BE-RCA[0;48;2;28;26;23m                                                                             [0;38;2;58;53;45;48;2;28;26;23m│[0;48;2;28;26;23m [0m
[0;48;2;28;26;23m [0;38;2;58;53;45;48;2;28;26;23m│[0;48;2;28;26;23m [0;38;2;255;181;71;48;2;11;10;7m 09:52:30 [0;48;2;28;26;23m [0;1;38;2;185;174;151;48;2;28;26;23mROUTE   [0;48;2;28;26;23m [0;38;2;236;227;207;48;2;28;26;23mChrome → AirPods (first)[0;48;2;28;26;23m                                                                       [0;38;2;58;53;45;48;2;28;26;23m│[0;48;2;28;26;23m [0m
[0;48;2;28;26;23m [0;38;2;58;53;45;48;2;28;26;23m╰────────────────────────────────────────────────────────────────────────────────────────────────────────────────────╯[0;48;2;28;26;23m [0m
[0;48;2;28;26;23m                                                                                                                        [0m
[0;1;38;2;244;236;216;48;2;52;48;42m ↑↓ [0;38;2;126;117;100;48;2;28;26;23m scroll  [0;1;38;2;244;236;216;48;2;52;48;42m Space [0;38;2;126;117;100;48;2;28;26;23m pause  [0;1;38;2;244;236;216;48;2;52;48;42m / [0;38;2;126;117;100;48;2;28;26;23m filter  [0;1;38;2;244;236;216;48;2;52;48;42m Esc [0;38;2;126;117;100;48;2;28;26;23m back  [0;1;38;2;244;236;216;48;2;52;48;42m u [0;38;2;126;117;100;48;2;28;26;23m undo  [0;1;38;2;244;236;216;48;2;52;48;42m y [0;38;2;126;117;100;48;2;28;26;23m look  [0;1;38;2;244;236;216;48;2;52;48;42m m [0;38;2;126;117;100;48;2;28;26;23m mouse off  [0;1;38;2;244;236;216;48;2;52;48;42m g [0;38;2;126;117;100;48;2;28;26;23m go  [0;1;38;2;244;236;216;48;2;52;48;42m ? [0;38;2;126;117;100;48;2;28;26;23m keys  [0;1;38;2;244;236;216;48;2;52;48;42m q [0;38;2;126;117;100;48;2;28;26;23m quit[0;48;2;28;26;23m       [0m
