[0;48;2;35;32;28m [0;38;2;126;117;100;48;2;35;32;28mDEVICE [0;1;38;2;244;236;216;48;2;35;32;28mBE-RCA[0;48;2;35;32;28m   [0;38;2;126;117;100;48;2;35;32;28mRATE [0;1;38;2;236;227;207;48;2;35;32;28m44.1k[0;48;2;35;32;28m   [0;38;2;126;117;100;48;2;35;32;28mPRESET [0;1;38;2;244;236;216;48;2;35;32;28mfavourite*[0;48;2;35;32;28m   [0;38;2;126;117;100;48;2;35;32;28mVOICE [0;1;38;2;134;224;166;48;2;35;32;28m+3.0[0;48;2;35;32;28m                                 [0;38;2;58;35;32;48;2;35;32;28m●[0;48;2;35;32;28m [0;38;2;126;117;100;48;2;35;32;28mSOLO[0;48;2;35;32;28m  [0;38;2;58;35;32;48;2;35;32;28m●[0;48;2;35;32;28m [0;38;2;126;117;100;48;2;35;32;28mBYPASS[0;48;2;35;32;28m  [0;38;2;58;35;32;48;2;35;32;28m●[0;48;2;35;32;28m [0;38;2;126;117;100;48;2;35;32;28mLIMIT[0;48;2;35;32;28m  [0m
[0;48;2;28;26;23m [0;48;2;52;48;42m [0;4;38;2;240;162;74;48;2;52;48;42mM[0;38;2;185;174;151;48;2;52;48;42mETER [0;48;2;28;26;23m [0;48;2;52;48;42m [0;4;38;2;240;162;74;48;2;52;48;42mT[0;38;2;185;174;151;48;2;52;48;42mUNE [0;48;2;28;26;23m [0;48;2;52;48;42m [0;4;38;2;240;162;74;48;2;52;48;42mI[0;38;2;185;174;151;48;2;52;48;42mNSTRUMENTS [0;48;2;28;26;23m [0;48;2;52;48;42m [0;4;38;2;240;162;74;48;2;52;48;42mP[0;38;2;185;174;151;48;2;52;48;42mRESETS [0;48;2;28;26;23m [0;48;2;52;48;42m [0;4;38;2;240;162;74;48;2;52;48;42mD[0;38;2;185;174;151;48;2;52;48;42mEVICES [0;48;2;28;26;23m [0;48;2;52;48;42m [0;4;38;2;240;162;74;48;2;52;48;42mF[0;38;2;185;174;151;48;2;52;48;42mILTERS [0;48;2;28;26;23m [0;1;38;2;22;20;15;48;2;240;162;74m EVENTS [0;48;2;28;26;23m                                        [0;1;38;2;240;162;74;48;2;28;26;23mg[0;38;2;126;117;100;48;2;28;26;23m go[0;48;2;28;26;23m  [0;1;38;2;240;162;74;48;2;28;26;23m;[0;38;2;126;117;100;48;2;28;26;23m cmd[0;48;2;28;26;23m [0m
[0;48;2;28;26;23m [0;38;2;107;98;84;48;2;28;26;23m╭─[0;1;38;2;244;236;216;48;2;28;26;23m eq zones [0;38;2;107;98;84;48;2;28;26;23m────────────────────────────────────────────────────────────────────────────────────────[0;38;2;126;117;100;48;2;28;26;23m done · 17 lines [0;38;2;107;98;84;48;2;28;26;23m╮[0;48;2;28;26;23m [0m
[0;48;2;28;26;23m [0;38;2;107;98;84;48;2;28;26;23m│[0;48;2;28;26;23m [0;1;38;2;236;227;207;48;2;28;26;23mkick    [0;38;2;236;227;207;48;2;28;26;23mthump 50Hz–100Hz          [0;2;38;2;236;227;207;48;2;28;26;23m64Hz 125Hz[0;48;2;28;26;23m                                                                       [0;38;2;107;98;84;48;2;28;26;23m│[0;48;2;28;26;23m [0m
[0;48;2;28;26;23m [0;38;2;107;98;84;48;2;28;26;23m│[0;48;2;28;26;23m [0;38;2;236;227;207;48;2;28;26;23m        beater click 2kHz–5kHz    [0;2;38;2;236;227;207;48;2;28;26;23m2kHz 4kHz[0;48;2;28;26;23m                                                                        [0;38;2;107;98;84;48;2;28;26;23m│[0;48;2;28;26;23m [0m
[0;48;2;28;26;23m [0;38;2;107;98;84;48;2;28;26;23m│[0;48;2;28;26;23m [0;1;38;2;236;227;207;48;2;28;26;23mbass    [0;38;2;236;227;207;48;2;28;26;23mfundamental 40Hz–250Hz    [0;2;38;2;236;227;207;48;2;28;26;23m32Hz 64Hz 125Hz 250Hz[0;48;2;28;26;23m                                                            [0;38;2;107;98;84;48;2;28;26;23m│[0;48;2;28;26;23m [0m
[0;48;2;28;26;23m [0;38;2;107;98;84;48;2;28;26;23m│[0;48;2;28;26;23m [0;38;2;236;227;207;48;2;28;26;23m        growl/attack 700Hz–1.2kHz [0;2;38;2;236;227;207;48;2;28;26;23m500Hz 1kHz[0;48;2;28;26;23m                                                                       [0;38;2;107;98;84;48;2;28;26;23m│[0;48;2;28;26;23m [0m
[0;48;2;28;26;23m [0;38;2;107;98;84;48;2;28;26;23m│[0;48;2;28;26;23m [0;1;38;2;236;227;207;48;2;28;26;23msnare   [0;38;2;236;227;207;48;2;28;26;23mbody 150Hz–250Hz          [0;2;38;2;236;227;207;48;2;28;26;23m125Hz 250Hz[0;48;2;28;26;23m                                                                      [0;38;2;107;98;84;48;2;28;26;23m│[0;48;2;28;26;23m [0m
[0;48;2;28;26;23m [0;38;2;107;98;84;48;2;28;26;23m│[0;48;2;28;26;23m [0;38;2;236;227;207;48;2;28;26;23m        crack 4kHz–6kHz           [0;2;38;2;236;227;207;48;2;28;26;23m4kHz 8kHz[0;48;2;28;26;23m                                                                        [0;38;2;107;98;84;48;2;28;26;23m│[0;48;2;28;26;23m [0m
[0;48;2;28;26;23m [0;38;2;107;98;84;48;2;28;26;23m│[0;48;2;28;26;23m [0;1;38;2;236;227;207;48;2;28;26;23mguitar  [0;38;2;236;227;207;48;2;28;26;23mbody 80Hz–1.2kHz          [0;2;38;2;236;227;207;48;2;28;26;23m64Hz 125Hz 250Hz 500Hz 1kHz[0;48;2;28;26;23m                                                      [0;38;2;107;98;84;48;2;28;26;23m│[0;48;2;28;26;23m [0m
[0;48;2;28;26;23m [0;38;2;107;98;84;48;2;28;26;23m│[0;48;2;28;26;23m [0;38;2;236;227;207;48;2;28;26;23m        bite 2kHz–5kHz            [0;2;38;2;236;227;207;48;2;28;26;23m2kHz 4kHz[0;48;2;28;26;23m                                                                        [0;38;2;107;98;84;48;2;28;26;23m│[0;48;2;28;26;23m [0m
[0;48;2;28;26;23m [0;38;2;107;98;84;48;2;28;26;23m│[0;48;2;28;26;23m [0;1;38;2;236;227;207;48;2;28;26;23mpiano   [0;38;2;236;227;207;48;2;28;26;23mfundamental 27Hz–4.2kHz   [0;2;38;2;236;227;207;48;2;28;26;23m32Hz 64Hz 125Hz 250Hz 500Hz 1kHz 2kHz 4kHz[0;48;2;28;26;23m                                       [0;38;2;107;98;84;48;2;28;26;23m│[0;48;2;28;26;23m [0m
[0;48;2;28;26;23m [0;38;2;107;98;84;48;2;28;26;23m│[0;48;2;28;26;23m [0;38;2;236;227;207;48;2;28;26;23m        brightness 4kHz–8kHz      [0;2;38;2;236;227;207;48;2;28;26;23m4kHz 8kHz[0;48;2;28;26;23m                                                                        [0;38;2;107;98;84;48;2;28;26;23m│[0;48;2;28;26;23m [0m
[0;48;2;28;26;23m [0;38;2;107;98;84;48;2;28;26;23m│[0;48;2;28;26;23m [0;1;38;2;236;227;207;48;2;28;26;23mvoice   [0;38;2;236;227;207;48;2;28;26;23mfundamental 85Hz–255Hz    [0;2;38;2;236;227;207;48;2;28;26;23m64Hz 125Hz 250Hz[0;48;2;28;26;23m                                                                 [0;38;2;107;98;84;48;2;28;26;23m│[0;48;2;28;26;23m [0m
[0;48;2;28;26;23m [0;38;2;107;98;84;48;2;28;26;23m│[0;48;2;28;26;23m [0;38;2;236;227;207;48;2;28;26;23m        F1 300Hz–1kHz             [0;2;38;2;236;227;207;48;2;28;26;23m250Hz 500Hz 1kHz[0;48;2;28;26;23m                                                                 [0;38;2;107;98;84;48;2;28;26;23m│[0;48;2;28;26;23m [0m
[0;48;2;28;26;23m [0;38;2;107;98;84;48;2;28;26;23m│[0;48;2;28;26;23m [0;38;2;236;227;207;48;2;28;26;23m        F2 900Hz–2.8kHz           [0;2;38;2;236;227;207;48;2;28;26;23m1kHz 2kHz[0;48;2;28;26;23m                                                                        [0;38;2;107;98;84;48;2;28;26;23m│[0;48;2;28;26;23m [0m
[0;48;2;28;26;23m [0;38;2;107;98;84;48;2;28;26;23m│[0;48;2;28;26;23m [0;38;2;236;227;207;48;2;28;26;23m        presence 2kHz–5kHz        [0;2;38;2;236;227;207;48;2;28;26;23m2kHz 4kHz[0;48;2;28;26;23m                                                                        [0;38;2;107;98;84;48;2;28;26;23m│[0;48;2;28;26;23m [0m
[0;48;2;28;26;23m [0;38;2;107;98;84;48;2;28;26;23m│[0;48;2;28;26;23m [0;38;2;236;227;207;48;2;28;26;23m        sibilance 5kHz–9kHz       [0;2;38;2;236;227;207;48;2;28;26;23m4kHz 8kHz[0;48;2;28;26;23m                                                                        [0;38;2;107;98;84;48;2;28;26;23m│[0;48;2;28;26;23m [0m
[0;48;2;28;26;23m [0;38;2;107;98;84;48;2;28;26;23m│[0;48;2;28;26;23m [0;1;38;2;236;227;207;48;2;28;26;23mcymbals [0;38;2;236;227;207;48;2;28;26;23mshimmer 6kHz–16kHz        [0;2;38;2;236;227;207;48;2;28;26;23m8kHz 16kHz[0;48;2;28;26;23m                                                                       [0;38;2;107;98;84;48;2;28;26;23m│[0;48;2;28;26;23m [0m
[0;48;2;28;26;23m [0;38;2;107;98;84;48;2;28;26;23m│[0;48;2;28;26;23m [0;1;38;2;236;227;207;48;2;28;26;23mair     [0;38;2;236;227;207;48;2;28;26;23msparkle 10kHz–20kHz       [0;2;38;2;236;227;207;48;2;28;26;23m8kHz 16kHz[0;48;2;28;26;23m                                                                       [0;38;2;107;98;84;48;2;28;26;23m│[0;48;2;28;26;23m [0m
[0;48;2;28;26;23m [0;38;2;107;98;84;48;2;28;26;23m│[0;48;2;28;26;23m                                                                                                                    [0;38;2;107;98;84;48;2;28;26;23m│[0;48;2;28;26;23m [0m
[0;48;2;28;26;23m [0;38;2;107;98;84;48;2;28;26;23m│[0;48;2;28;26;23m                                                                                                                    [0;38;2;107;98;84;48;2;28;26;23m│[0;48;2;28;26;23m [0m
[0;48;2;28;26;23m [0;38;2;107;98;84;48;2;28;26;23m│[0;48;2;28;26;23m                                                                                                                    [0;38;2;107;98;84;48;2;28;26;23m│[0;48;2;28;26;23m [0m
[0;48;2;28;26;23m [0;38;2;107;98;84;48;2;28;26;23m│[0;48;2;28;26;23m                                                                                                                    [0;38;2;107;98;84;48;2;28;26;23m│[0;48;2;28;26;23m [0m
[0;48;2;28;26;23m [0;38;2;107;98;84;48;2;28;26;23m│[0;48;2;28;26;23m                                                                                                                    [0;38;2;107;98;84;48;2;28;26;23m│[0;48;2;28;26;23m [0m
[0;48;2;28;26;23m [0;38;2;107;98;84;48;2;28;26;23m│[0;48;2;28;26;23m                                                                                                                    [0;38;2;107;98;84;48;2;28;26;23m│[0;48;2;28;26;23m [0m
[0;48;2;28;26;23m [0;38;2;107;98;84;48;2;28;26;23m│[0;48;2;28;26;23m                                                                                                                    [0;38;2;107;98;84;48;2;28;26;23m│[0;48;2;28;26;23m [0m
[0;48;2;28;26;23m [0;38;2;107;98;84;48;2;28;26;23m│[0;48;2;28;26;23m                                                                                                                    [0;38;2;107;98;84;48;2;28;26;23m│[0;48;2;28;26;23m [0m
[0;48;2;28;26;23m [0;38;2;107;98;84;48;2;28;26;23m│[0;48;2;28;26;23m                                                                                                                    [0;38;2;107;98;84;48;2;28;26;23m│[0;48;2;28;26;23m [0m
[0;48;2;28;26;23m [0;38;2;107;98;84;48;2;28;26;23m│[0;48;2;28;26;23m                                                                                                                    [0;38;2;107;98;84;48;2;28;26;23m│[0;48;2;28;26;23m [0m
[0;48;2;28;26;23m [0;38;2;107;98;84;48;2;28;26;23m│[0;48;2;28;26;23m                                                                                                                    [0;38;2;107;98;84;48;2;28;26;23m│[0;48;2;28;26;23m [0m
[0;48;2;28;26;23m [0;38;2;107;98;84;48;2;28;26;23m│[0;48;2;28;26;23m                                                                                                                    [0;38;2;107;98;84;48;2;28;26;23m│[0;48;2;28;26;23m [0m
[0;48;2;28;26;23m [0;38;2;107;98;84;48;2;28;26;23m│[0;48;2;28;26;23m                                                                                                                    [0;38;2;107;98;84;48;2;28;26;23m│[0;48;2;28;26;23m [0m
[0;48;2;28;26;23m [0;38;2;107;98;84;48;2;28;26;23m╰────────────────────────────────────────────────────────────────────────────────────────────────────────────────────╯[0;48;2;28;26;23m [0m
[0;48;2;28;26;23m                                                                                                                        [0m
[0;1;38;2;244;236;216;48;2;52;48;42m ↑↓ [0;38;2;126;117;100;48;2;28;26;23m scroll  [0;1;38;2;244;236;216;48;2;52;48;42m Esc [0;38;2;126;117;100;48;2;28;26;23m close[0;48;2;28;26;23m                                                                                                [0m
