[0;48;5;234m [0;38;5;243;48;5;234mDEVICE [0;1;38;5;254;48;5;234mBE-RCA[0;48;5;234m   [0;38;5;243;48;5;234mRATE [0;1;38;5;254;48;5;234m44.1k[0;48;5;234m   [0;38;5;243;48;5;234mPRESET [0;1;38;5;254;48;5;234mfavourite*[0;48;5;234m   [0;38;5;243;48;5;234mVOICE [0;1;38;5;115;48;5;234m+3.0[0;48;5;234m                                 [0;38;5;235;48;5;234m●[0;48;5;234m [0;38;5;243;48;5;234mSOLO[0;48;5;234m  [0;38;5;235;48;5;234m●[0;48;5;234m [0;38;5;243;48;5;234mBYPASS[0;48;5;234m  [0;38;5;235;48;5;234m●[0;48;5;234m [0;38;5;243;48;5;234mLIMIT[0;48;5;234m  [0m
[0;48;5;234m     [0;1;38;5;235;48;5;187m 32 Hz [0;38;5;232;48;5;234m│[0;1;38;5;235;48;5;187m 64 Hz [0;38;5;232;48;5;234m│[0;1;38;5;235;48;5;187m 125 Hz[0;38;5;232;48;5;234m│[0;1;38;5;235;48;5;187m 250 Hz[0;38;5;232;48;5;234m│[0;1;38;5;235;48;5;187m 500 Hz[0;38;5;232;48;5;234m│[0;1;38;5;235;48;5;187m 1k Hz [0;38;5;232;48;5;234m│[0;1;38;5;235;48;5;187m 2k Hz [0;38;5;232;48;5;234m│[0;1;38;5;235;48;5;187m 4k Hz [0;38;5;232;48;5;234m│[0;1;38;5;235;48;5;187m 8k Hz [0;38;5;232;48;5;234m│[0;1;38;5;235;48;5;187m 16k Hz[0;38;5;232;48;5;234m│[0;48;5;234m     [0;38;5;236;48;5;234m╭─[0;1;38;5;144;48;5;234m MASTER [0;38;5;236;48;5;234m──────────────────╮[0;48;5;234m [0m
[0;48;5;234m [0;38;5;243;48;5;234m  0[0;48;5;234m   [0;38;5;234;48;5;234m▆▆▆[0;48;5;234m  [0;38;5;232;48;5;234m│[0;48;5;234m  [0;38;5;234;48;5;234m▆▆▆[0;48;5;234m  [0;38;5;232;48;5;234m│[0;48;5;234m  [0;38;5;234;48;5;234m▆▆▆[0;48;5;234m  [0;38;5;232;48;5;234m│[0;48;5;234m  [0;38;5;234;48;5;234m▆▆▆[0;48;5;234m  [0;38;5;232;48;5;234m│[0;48;5;234m  [0;38;5;234;48;5;234m▆▆▆[0;48;5;234m  [0;38;5;232;48;5;234m│[0;48;5;234m  [0;38;5;234;48;5;234m▆▆▆[0;48;5;234m  [0;38;5;232;48;5;234m│[0;48;5;234m  [0;38;5;234;48;5;234m▆▆▆[0;48;5;234m  [0;38;5;232;48;5;234m│[0;48;5;234m  [0;38;5;234;48;5;234m▆▆▆[0;48;5;234m  [0;38;5;232;48;5;234m│[0;48;5;234m  [0;38;5;234;48;5;234m▆▆▆[0;48;5;234m  [0;38;5;232;48;5;234m│[0;48;5;234m  [0;38;5;234;48;5;234m▆▆▆[0;48;5;234m  [0;38;5;232;48;5;234m│[0;48;5;234m     [0;38;5;236;48;5;234m│[0;48;5;234m                           [0;38;5;236;48;5;234m│[0;48;5;234m [0m
[0;48;5;234m       [0;38;5;203;48;5;234m▆▆▆[0;48;5;234m  [0;38;5;232;48;5;234m│[0;48;5;234m  [0;38;5;203;48;5;234m▆▆▆[0;48;5;234m  [0;38;5;232;48;5;234m│[0;48;5;234m  [0;38;5;234;48;5;234m▆▆▆[0;48;5;234m  [0;38;5;232;48;5;234m│[0;48;5;234m  [0;38;5;234;48;5;234m▆▆▆[0;48;5;234m  [0;38;5;232;48;5;234m│[0;48;5;234m  [0;38;5;234;48;5;234m▆▆▆[0;48;5;234m  [0;38;5;232;48;5;234m│[0;48;5;234m  [0;38;5;234;48;5;234m▆▆▆[0;48;5;234m  [0;38;5;232;48;5;234m│[0;48;5;234m  [0;38;5;234;48;5;234m▆▆▆[0;48;5;234m  [0;38;5;232;48;5;234m│[0;48;5;234m  [0;38;5;234;48;5;234m▆▆▆[0;48;5;234m  [0;38;5;232;48;5;234m│[0;48;5;234m  [0;38;5;234;48;5;234m▆▆▆[0;48;5;234m  [0;38;5;232;48;5;234m│[0;48;5;234m  [0;38;5;234;48;5;234m▆▆▆[0;48;5;234m  [0;38;5;232;48;5;234m│[0;48;5;234m     [0;38;5;236;48;5;234m│[0;48;5;234m [0;48;5;17m [0;38;5;117;48;5;17m20[0;48;5;17m  [0;38;5;117;48;5;17m10[0;48;5;17m   [0;38;5;117;48;5;17m6[0;48;5;17m   [0;38;5;117;48;5;17m3[0;48;5;17m    [0;38;5;117;48;5;17m1[0;48;5;17m   [0;38;5;117;48;5;17m0[0;48;5;17m [0;48;5;234m [0;38;5;236;48;5;234m│[0;48;5;234m [0m
[0;48;5;234m [0;38;5;243;48;5;234m -6[0;48;5;234m   [0;38;5;235;48;5;234m▆▆▆[0;48;5;234m  [0;38;5;232;48;5;234m│[0;48;5;234m  [0;38;5;235;48;5;234m▆▆▆[0;48;5;234m  [0;38;5;232;48;5;234m│[0;48;5;234m  [0;38;5;221;48;5;234m▆▆▆[0;48;5;234m  [0;38;5;232;48;5;234m│[0;48;5;234m  [0;38;5;235;48;5;234m▆▆▆[0;48;5;234m  [0;38;5;232;48;5;234m│[0;48;5;234m  [0;38;5;235;48;5;234m▆▆▆[0;48;5;234m  [0;38;5;232;48;5;234m│[0;48;5;234m  [0;38;5;235;48;5;234m▆▆▆[0;48;5;234m  [0;38;5;232;48;5;234m│[0;48;5;234m  [0;38;5;235;48;5;234m▆▆▆[0;48;5;234m  [0;38;5;232;48;5;234m│[0;48;5;234m  [0;38;5;235;48;5;234m▆▆▆[0;48;5;234m  [0;38;5;232;48;5;234m│[0;48;5;234m  [0;38;5;235;48;5;234m▆▆▆[0;48;5;234m  [0;38;5;232;48;5;234m│[0;48;5;234m  [0;38;5;235;48;5;234m▆▆▆[0;48;5;234m  [0;38;5;232;48;5;234m│[0;48;5;234m     [0;38;5;236;48;5;234m│[0;48;5;234m [0;48;5;17m [0;38;5;117;48;5;17m╷┈┈┈┈┈┈┈┈┈┈┈┈┈┈┈┈┈[0;1;38;5;255;48;5;17m┃[0;38;5;117;48;5;17m┈┈┈╷[0;48;5;17m [0;48;5;234m [0;38;5;236;48;5;234m│[0;48;5;234m [0m
[0;48;5;234m       [0;38;5;235;48;5;234m▆▆▆[0;48;5;234m  [0;38;5;232;48;5;234m│[0;48;5;234m  [0;38;5;221;48;5;234m▆▆▆[0;48;5;234m  [0;38;5;232;48;5;234m│[0;48;5;234m  [0;38;5;235;48;5;234m▆▆▆[0;48;5;234m  [0;38;5;232;48;5;234m│[0;48;5;234m  [0;38;5;235;48;5;234m▆▆▆[0;48;5;234m  [0;38;5;232;48;5;234m│[0;48;5;234m  [0;38;5;235;48;5;234m▆▆▆[0;48;5;234m  [0;38;5;232;48;5;234m│[0;48;5;234m  [0;38;5;235;48;5;234m▆▆▆[0;48;5;234m  [0;38;5;232;48;5;234m│[0;48;5;234m  [0;38;5;235;48;5;234m▆▆▆[0;48;5;234m  [0;38;5;232;48;5;234m│[0;48;5;234m  [0;38;5;235;48;5;234m▆▆▆[0;48;5;234m  [0;38;5;232;48;5;234m│[0;48;5;234m  [0;38;5;235;48;5;234m▆▆▆[0;48;5;234m  [0;38;5;232;48;5;234m│[0;48;5;234m  [0;38;5;235;48;5;234m▆▆▆[0;48;5;234m  [0;38;5;232;48;5;234m│[0;48;5;234m     [0;38;5;236;48;5;234m│[0;48;5;234m [0;48;5;17m                   [0;1;38;5;255;48;5;17m┃[0;48;5;17m     [0;48;5;234m [0;38;5;236;48;5;234m│[0;48;5;234m [0m
[0;48;5;234m       [0;38;5;221;48;5;234m▆▆▆[0;48;5;234m  [0;38;5;232;48;5;234m│[0;48;5;234m  [0;38;5;221;48;5;234m▆▆▆[0;48;5;234m  [0;38;5;232;48;5;234m│[0;48;5;234m  [0;38;5;221;48;5;234m▆▆▆[0;48;5;234m  [0;38;5;232;48;5;234m│[0;48;5;234m  [0;38;5;221;48;5;234m▆▆▆[0;48;5;234m  [0;38;5;232;48;5;234m│[0;48;5;234m  [0;38;5;235;48;5;234m▆▆▆[0;48;5;234m  [0;38;5;232;48;5;234m│[0;48;5;234m  [0;38;5;235;48;5;234m▆▆▆[0;48;5;234m  [0;38;5;232;48;5;234m│[0;48;5;234m  [0;38;5;235;48;5;234m▆▆▆[0;48;5;234m  [0;38;5;232;48;5;234m│[0;48;5;234m  [0;38;5;235;48;5;234m▆▆▆[0;48;5;234m  [0;38;5;232;48;5;234m│[0;48;5;234m  [0;38;5;235;48;5;234m▆▆▆[0;48;5;234m  [0;38;5;232;48;5;234m│[0;48;5;234m  [0;38;5;235;48;5;234m▆▆▆[0;48;5;234m  [0;38;5;232;48;5;234m│[0;48;5;234m     [0;38;5;236;48;5;234m│[0;48;5;234m [0;48;5;17m [0;1;38;5;117;48;5;17mGR[0;48;5;17m                [0;1;38;5;255;48;5;17m -2.1[0;48;5;17m [0;48;5;234m [0;38;5;236;48;5;234m│[0;48;5;234m [0m
[0;48;5;234m       [0;38;5;221;48;5;234m▆▆▆[0;48;5;234m  [0;38;5;232;48;5;234m│[0;48;5;234m  [0;38;5;221;48;5;234m▆▆▆[0;48;5;234m  [0;38;5;232;48;5;234m│[0;48;5;234m  [0;38;5;221;48;5;234m▆▆▆[0;48;5;234m  [0;38;5;232;48;5;234m│[0;48;5;234m  [0;38;5;235;48;5;234m▆▆▆[0;48;5;234m  [0;38;5;232;48;5;234m│[0;48;5;234m  [0;38;5;221;48;5;234m▆▆▆[0;48;5;234m  [0;38;5;232;48;5;234m│[0;48;5;234m  [0;38;5;221;48;5;234m▆▆▆[0;48;5;234m  [0;38;5;232;48;5;234m│[0;48;5;234m  [0;38;5;235;48;5;234m▆▆▆[0;48;5;234m  [0;38;5;232;48;5;234m│[0;48;5;234m  [0;38;5;235;48;5;234m▆▆▆[0;48;5;234m  [0;38;5;232;48;5;234m│[0;48;5;234m  [0;38;5;235;48;5;234m▆▆▆[0;48;5;234m  [0;38;5;232;48;5;234m│[0;48;5;234m  [0;38;5;235;48;5;234m▆▆▆[0;48;5;234m  [0;38;5;232;48;5;234m│[0;48;5;234m     [0;38;5;236;48;5;234m│[0;48;5;234m                           [0;38;5;236;48;5;234m│[0;48;5;234m [0m
[0;48;5;234m       [0;38;5;221;48;5;234m▆▆▆[0;48;5;234m  [0;38;5;232;48;5;234m│[0;48;5;234m  [0;38;5;221;48;5;234m▆▆▆[0;48;5;234m  [0;38;5;232;48;5;234m│[0;48;5;234m  [0;38;5;221;48;5;234m▆▆▆[0;48;5;234m  [0;38;5;232;48;5;234m│[0;48;5;234m  [0;38;5;221;48;5;234m▆▆▆[0;48;5;234m  [0;38;5;232;48;5;234m│[0;48;5;234m  [0;38;5;235;48;5;234m▆▆▆[0;48;5;234m  [0;38;5;232;48;5;234m│[0;48;5;234m  [0;38;5;235;48;5;234m▆▆▆[0;48;5;234m  [0;38;5;232;48;5;234m│[0;48;5;234m  [0;38;5;235;48;5;234m▆▆▆[0;48;5;234m  [0;38;5;232;48;5;234m│[0;48;5;234m  [0;38;5;235;48;5;234m▆▆▆[0;48;5;234m  [0;38;5;232;48;5;234m│[0;48;5;234m  [0;38;5;235;48;5;234m▆▆▆[0;48;5;234m  [0;38;5;232;48;5;234m│[0;48;5;234m  [0;38;5;235;48;5;234m▆▆▆[0;48;5;234m  [0;38;5;232;48;5;234m│[0;48;5;234m     [0;38;5;236;48;5;234m│[0;48;5;234m [0;38;5;243;48;5;234mCOMP[0;48;5;234m [0;38;5;235;48;5;234m●[0;38;5;243;48;5;234moff[0;48;5;234m [0;38;5;235;48;5;234m●[0;38;5;243;48;5;234mgentle[0;48;5;234m [0;38;5;215;48;5;234m●[0;1;38;5;254;48;5;234mnight[0;48;5;234m  [0;38;5;236;48;5;234m│[0;48;5;234m [0m
[0;48;5;234m [0;38;5;243;48;5;234m-18[0;48;5;234m   [0;38;5;78;48;5;234m▆▆▆[0;48;5;234m  [0;38;5;232;48;5;234m│[0;48;5;234m  [0;38;5;78;48;5;234m▆▆▆[0;48;5;234m  [0;38;5;232;48;5;234m│[0;48;5;234m  [0;38;5;78;48;5;234m▆▆▆[0;48;5;234m  [0;38;5;232;48;5;234m│[0;48;5;234m  [0;38;5;78;48;5;234m▆▆▆[0;48;5;234m  [0;38;5;232;48;5;234m│[0;48;5;234m  [0;38;5;234;48;5;234m▆▆▆[0;48;5;234m  [0;38;5;232;48;5;234m│[0;48;5;234m  [0;38;5;78;48;5;234m▆▆▆[0;48;5;234m  [0;38;5;232;48;5;234m│[0;48;5;234m  [0;38;5;78;48;5;234m▆▆▆[0;48;5;234m  [0;38;5;232;48;5;234m│[0;48;5;234m  [0;38;5;234;48;5;234m▆▆▆[0;48;5;234m  [0;38;5;232;48;5;234m│[0;48;5;234m  [0;38;5;234;48;5;234m▆▆▆[0;48;5;234m  [0;38;5;232;48;5;234m│[0;48;5;234m  [0;38;5;234;48;5;234m▆▆▆[0;48;5;234m  [0;38;5;232;48;5;234m│[0;48;5;234m     [0;38;5;236;48;5;234m│[0;48;5;234m                           [0;38;5;236;48;5;234m│[0;48;5;234m [0m
[0;48;5;234m       [0;38;5;78;48;5;234m▆▆▆[0;48;5;234m  [0;38;5;232;48;5;234m│[0;48;5;234m  [0;38;5;78;48;5;234m▆▆▆[0;48;5;234m  [0;38;5;232;48;5;234m│[0;48;5;234m  [0;38;5;78;48;5;234m▆▆▆[0;48;5;234m  [0;38;5;232;48;5;234m│[0;48;5;234m  [0;38;5;78;48;5;234m▆▆▆[0;48;5;234m  [0;38;5;232;48;5;234m│[0;48;5;234m  [0;38;5;78;48;5;234m▆▆▆[0;48;5;234m  [0;38;5;232;48;5;234m│[0;48;5;234m  [0;38;5;78;48;5;234m▆▆▆[0;48;5;234m  [0;38;5;232;48;5;234m│[0;48;5;234m  [0;38;5;234;48;5;234m▆▆▆[0;48;5;234m  [0;38;5;232;48;5;234m│[0;48;5;234m  [0;38;5;78;48;5;234m▆▆▆[0;48;5;234m  [0;38;5;232;48;5;234m│[0;48;5;234m  [0;38;5;234;48;5;234m▆▆▆[0;48;5;234m  [0;38;5;232;48;5;234m│[0;48;5;234m  [0;38;5;234;48;5;234m▆▆▆[0;48;5;234m  [0;38;5;232;48;5;234m│[0;48;5;234m     [0;38;5;236;48;5;234m│[0;48;5;234m [0;38;5;243;48;5;234mLIMIT[0;48;5;234m [0;38;5;235;48;5;234m●[0;48;5;234m     [0;38;5;243;48;5;234mPEAK[0;48;5;234m [0;38;5;215;48;5;232m  -6.0 [0;48;5;234m  [0;38;5;236;48;5;234m│[0;48;5;234m [0m
[0;48;5;234m       [0;38;5;78;48;5;234m▆▆▆[0;48;5;234m  [0;38;5;232;48;5;234m│[0;48;5;234m  [0;38;5;78;48;5;234m▆▆▆[0;48;5;234m  [0;38;5;232;48;5;234m│[0;48;5;234m  [0;38;5;78;48;5;234m▆▆▆[0;48;5;234m  [0;38;5;232;48;5;234m│[0;48;5;234m  [0;38;5;78;48;5;234m▆▆▆[0;48;5;234m  [0;38;5;232;48;5;234m│[0;48;5;234m  [0;38;5;78;48;5;234m▆▆▆[0;48;5;234m  [0;38;5;232;48;5;234m│[0;48;5;234m  [0;38;5;78;48;5;234m▆▆▆[0;48;5;234m  [0;38;5;232;48;5;234m│[0;48;5;234m  [0;38;5;78;48;5;234m▆▆▆[0;48;5;234m  [0;38;5;232;48;5;234m│[0;48;5;234m  [0;38;5;234;48;5;234m▆▆▆[0;48;5;234m  [0;38;5;232;48;5;234m│[0;48;5;234m  [0;38;5;78;48;5;234m▆▆▆[0;48;5;234m  [0;38;5;232;48;5;234m│[0;48;5;234m  [0;38;5;234;48;5;234m▆▆▆[0;48;5;234m  [0;38;5;232;48;5;234m│[0;48;5;234m     [0;38;5;236;48;5;234m│[0;48;5;234m                           [0;38;5;236;48;5;234m│[0;48;5;234m [0m
[0;48;5;234m       [0;38;5;78;48;5;234m▆▆▆[0;48;5;234m  [0;38;5;232;48;5;234m│[0;48;5;234m  [0;38;5;78;48;5;234m▆▆▆[0;48;5;234m  [0;38;5;232;48;5;234m│[0;48;5;234m  [0;38;5;78;48;5;234m▆▆▆[0;48;5;234m  [0;38;5;232;48;5;234m│[0;48;5;234m  [0;38;5;78;48;5;234m▆▆▆[0;48;5;234m  [0;38;5;232;48;5;234m│[0;48;5;234m  [0;38;5;78;48;5;234m▆▆▆[0;48;5;234m  [0;38;5;232;48;5;234m│[0;48;5;234m  [0;38;5;78;48;5;234m▆▆▆[0;48;5;234m  [0;38;5;232;48;5;234m│[0;48;5;234m  [0;38;5;78;48;5;234m▆▆▆[0;48;5;234m  [0;38;5;232;48;5;234m│[0;48;5;234m  [0;38;5;78;48;5;234m▆▆▆[0;48;5;234m  [0;38;5;232;48;5;234m│[0;48;5;234m  [0;38;5;234;48;5;234m▆▆▆[0;48;5;234m  [0;38;5;232;48;5;234m│[0;48;5;234m  [0;38;5;234;48;5;234m▆▆▆[0;48;5;234m  [0;38;5;232;48;5;234m│[0;48;5;234m     [0;38;5;236;48;5;234m│[0;48;5;234m [0;38;5;243;48;5;234mPREAMP[0;48;5;234m [0;38;5;237;48;5;234m───[0;38;5;252;48;5;234m█[0;38;5;237;48;5;234m─[0;38;5;243;48;5;234m┼[0;38;5;237;48;5;234m─────[0;48;5;234m [0;1;38;5;212;48;5;234m -4.8[0;48;5;234m  [0;38;5;236;48;5;234m│[0;48;5;234m [0m
[0;48;5;234m [0;38;5;243;48;5;234m-30[0;48;5;234m   [0;38;5;78;48;5;234m▆▆▆[0;48;5;234m  [0;38;5;232;48;5;234m│[0;48;5;234m  [0;38;5;78;48;5;234m▆▆▆[0;48;5;234m  [0;38;5;232;48;5;234m│[0;48;5;234m  [0;38;5;78;48;5;234m▆▆▆[0;48;5;234m  [0;38;5;232;48;5;234m│[0;48;5;234m  [0;38;5;78;48;5;234m▆▆▆[0;48;5;234m  [0;38;5;232;48;5;234m│[0;48;5;234m  [0;38;5;78;48;5;234m▆▆▆[0;48;5;234m  [0;38;5;232;48;5;234m│[0;48;5;234m  [0;38;5;78;48;5;234m▆▆▆[0;48;5;234m  [0;38;5;232;48;5;234m│[0;48;5;234m  [0;38;5;78;48;5;234m▆▆▆[0;48;5;234m  [0;38;5;232;48;5;234m│[0;48;5;234m  [0;38;5;78;48;5;234m▆▆▆[0;48;5;234m  [0;38;5;232;48;5;234m│[0;48;5;234m  [0;38;5;234;48;5;234m▆▆▆[0;48;5;234m  [0;38;5;232;48;5;234m│[0;48;5;234m  [0;38;5;234;48;5;234m▆▆▆[0;48;5;234m  [0;38;5;232;48;5;234m│[0;48;5;234m     [0;38;5;236;48;5;234m│[0;48;5;234m                           [0;38;5;236;48;5;234m│[0;48;5;234m [0m
[0;48;5;234m       [0;38;5;78;48;5;234m▆▆▆[0;48;5;234m  [0;38;5;232;48;5;234m│[0;48;5;234m  [0;38;5;78;48;5;234m▆▆▆[0;48;5;234m  [0;38;5;232;48;5;234m│[0;48;5;234m  [0;38;5;78;48;5;234m▆▆▆[0;48;5;234m  [0;38;5;232;48;5;234m│[0;48;5;234m  [0;38;5;78;48;5;234m▆▆▆[0;48;5;234m  [0;38;5;232;48;5;234m│[0;48;5;234m  [0;38;5;78;48;5;234m▆▆▆[0;48;5;234m  [0;38;5;232;48;5;234m│[0;48;5;234m  [0;38;5;78;48;5;234m▆▆▆[0;48;5;234m  [0;38;5;232;48;5;234m│[0;48;5;234m  [0;38;5;78;48;5;234m▆▆▆[0;48;5;234m  [0;38;5;232;48;5;234m│[0;48;5;234m  [0;38;5;78;48;5;234m▆▆▆[0;48;5;234m  [0;38;5;232;48;5;234m│[0;48;5;234m  [0;38;5;78;48;5;234m▆▆▆[0;48;5;234m  [0;38;5;232;48;5;234m│[0;48;5;234m  [0;38;5;78;48;5;234m▆▆▆[0;48;5;234m  [0;38;5;232;48;5;234m│[0;48;5;234m     [0;38;5;236;48;5;234m│[0;48;5;234m [0;1;38;5;115;48;5;235m ↗ [0;48;5;234m [0;38;5;243;48;5;234mBASS[0;48;5;234m [0;1;38;5;212;48;5;235m ↑ [0;48;5;234m [0;38;5;243;48;5;234mTREB[0;48;5;234m [0;1;38;5;254;48;5;235m ↑ [0;48;5;234m [0;38;5;243;48;5;234mTILT[0;38;5;236;48;5;234m│[0;48;5;234m [0m
[0;48;5;234m       [0;38;5;78;48;5;234m▆▆▆[0;48;5;234m  [0;38;5;232;48;5;234m│[0;48;5;234m  [0;38;5;78;48;5;234m▆▆▆[0;48;5;234m  [0;38;5;232;48;5;234m│[0;48;5;234m  [0;38;5;78;48;5;234m▆▆▆[0;48;5;234m  [0;38;5;232;48;5;234m│[0;48;5;234m  [0;38;5;78;48;5;234m▆▆▆[0;48;5;234m  [0;38;5;232;48;5;234m│[0;48;5;234m  [0;38;5;78;48;5;234m▆▆▆[0;48;5;234m  [0;38;5;232;48;5;234m│[0;48;5;234m  [0;38;5;78;48;5;234m▆▆▆[0;48;5;234m  [0;38;5;232;48;5;234m│[0;48;5;234m  [0;38;5;78;48;5;234m▆▆▆[0;48;5;234m  [0;38;5;232;48;5;234m│[0;48;5;234m  [0;38;5;78;48;5;234m▆▆▆[0;48;5;234m  [0;38;5;232;48;5;234m│[0;48;5;234m  [0;38;5;78;48;5;234m▆▆▆[0;48;5;234m  [0;38;5;232;48;5;234m│[0;48;5;234m  [0;38;5;234;48;5;234m▆▆▆[0;48;5;234m  [0;38;5;232;48;5;234m│[0;48;5;234m     [0;38;5;236;48;5;234m│[0;48;5;234m [0;38;5;115;48;5;234m +1.0[0;48;5;234m    [0;38;5;212;48;5;234m -0.5[0;48;5;234m    [0;38;5;243;48;5;234m  0.0[0;48;5;234m   [0;38;5;236;48;5;234m│[0;48;5;234m [0m
[0;48;5;234m       [0;38;5;78;48;5;234m▆▆▆[0;48;5;234m  [0;38;5;232;48;5;234m│[0;48;5;234m  [0;38;5;78;48;5;234m▆▆▆[0;48;5;234m  [0;38;5;232;48;5;234m│[0;48;5;234m  [0;38;5;78;48;5;234m▆▆▆[0;48;5;234m  [0;38;5;232;48;5;234m│[0;48;5;234m  [0;38;5;78;48;5;234m▆▆▆[0;48;5;234m  [0;38;5;232;48;5;234m│[0;48;5;234m  [0;38;5;78;48;5;234m▆▆▆[0;48;5;234m  [0;38;5;232;48;5;234m│[0;48;5;234m  [0;38;5;78;48;5;234m▆▆▆[0;48;5;234m  [0;38;5;232;48;5;234m│[0;48;5;234m  [0;38;5;78;48;5;234m▆▆▆[0;48;5;234m  [0;38;5;232;48;5;234m│[0;48;5;234m  [0;38;5;78;48;5;234m▆▆▆[0;48;5;234m  [0;38;5;232;48;5;234m│[0;48;5;234m  [0;38;5;78;48;5;234m▆▆▆[0;48;5;234m  [0;38;5;232;48;5;234m│[0;48;5;234m  [0;38;5;234;48;5;234m▆▆▆[0;48;5;234m  [0;38;5;232;48;5;234m│[0;48;5;234m     [0;38;5;236;48;5;234m│[0;48;5;234m                           [0;38;5;236;48;5;234m│[0;48;5;234m [0m
[0;48;5;234m       [0;38;5;78;48;5;234m▆▆▆[0;48;5;234m  [0;38;5;232;48;5;234m│[0;48;5;234m  [0;38;5;78;48;5;234m▆▆▆[0;48;5;234m  [0;38;5;232;48;5;234m│[0;48;5;234m  [0;38;5;78;48;5;234m▆▆▆[0;48;5;234m  [0;38;5;232;48;5;234m│[0;48;5;234m  [0;38;5;78;48;5;234m▆▆▆[0;48;5;234m  [0;38;5;232;48;5;234m│[0;48;5;234m  [0;38;5;78;48;5;234m▆▆▆[0;48;5;234m  [0;38;5;232;48;5;234m│[0;48;5;234m  [0;38;5;78;48;5;234m▆▆▆[0;48;5;234m  [0;38;5;232;48;5;234m│[0;48;5;234m  [0;38;5;78;48;5;234m▆▆▆[0;48;5;234m  [0;38;5;232;48;5;234m│[0;48;5;234m  [0;38;5;78;48;5;234m▆▆▆[0;48;5;234m  [0;38;5;232;48;5;234m│[0;48;5;234m  [0;38;5;78;48;5;234m▆▆▆[0;48;5;234m  [0;38;5;232;48;5;234m│[0;48;5;234m  [0;38;5;78;48;5;234m▆▆▆[0;48;5;234m  [0;38;5;232;48;5;234m│[0;48;5;234m     [0;38;5;236;48;5;234m│[0;48;5;234m [0;38;5;243;48;5;234mINSTRUMENT KNOBS[0;48;5;234m          [0;38;5;236;48;5;234m│[0;48;5;234m [0m
[0;48;5;234m [0;38;5;243;48;5;234m-42[0;48;5;234m   [0;38;5;78;48;5;234m▆▆▆[0;48;5;234m  [0;38;5;232;48;5;234m│[0;48;5;234m  [0;38;5;78;48;5;234m▆▆▆[0;48;5;234m  [0;38;5;232;48;5;234m│[0;48;5;234m  [0;38;5;78;48;5;234m▆▆▆[0;48;5;234m  [0;38;5;232;48;5;234m│[0;48;5;234m  [0;38;5;78;48;5;234m▆▆▆[0;48;5;234m  [0;38;5;232;48;5;234m│[0;48;5;234m  [0;38;5;78;48;5;234m▆▆▆[0;48;5;234m  [0;38;5;232;48;5;234m│[0;48;5;234m  [0;38;5;78;48;5;234m▆▆▆[0;48;5;234m  [0;38;5;232;48;5;234m│[0;48;5;234m  [0;38;5;78;48;5;234m▆▆▆[0;48;5;234m  [0;38;5;232;48;5;234m│[0;48;5;234m  [0;38;5;78;48;5;234m▆▆▆[0;48;5;234m  [0;38;5;232;48;5;234m│[0;48;5;234m  [0;38;5;78;48;5;234m▆▆▆[0;48;5;234m  [0;38;5;232;48;5;234m│[0;48;5;234m  [0;38;5;78;48;5;234m▆▆▆[0;48;5;234m  [0;38;5;232;48;5;234m│[0;48;5;234m     [0;38;5;236;48;5;234m│[0;48;5;234m [0;1;38;5;254;48;5;235m ↑ [0;48;5;234m [0;38;5;209;48;5;234mKCK[0;48;5;234m  [0;1;38;5;254;48;5;235m ↑ [0;48;5;234m [0;38;5;215;48;5;234mBAS[0;48;5;234m  [0;1;38;5;254;48;5;235m ↑ [0;48;5;234m [0;38;5;221;48;5;234mSNR[0;48;5;234m [0;38;5;236;48;5;234m│[0;48;5;234m [0m
[0;48;5;234m       [0;38;5;78;48;5;234m▆▆▆[0;48;5;234m  [0;38;5;232;48;5;234m│[0;48;5;234m  [0;38;5;78;48;5;234m▆▆▆[0;48;5;234m  [0;38;5;232;48;5;234m│[0;48;5;234m  [0;38;5;78;48;5;234m▆▆▆[0;48;5;234m  [0;38;5;232;48;5;234m│[0;48;5;234m  [0;38;5;78;48;5;234m▆▆▆[0;48;5;234m  [0;38;5;232;48;5;234m│[0;48;5;234m  [0;38;5;78;48;5;234m▆▆▆[0;48;5;234m  [0;38;5;232;48;5;234m│[0;48;5;234m  [0;38;5;78;48;5;234m▆▆▆[0;48;5;234m  [0;38;5;232;48;5;234m│[0;48;5;234m  [0;38;5;78;48;5;234m▆▆▆[0;48;5;234m  [0;38;5;232;48;5;234m│[0;48;5;234m  [0;38;5;78;48;5;234m▆▆▆[0;48;5;234m  [0;38;5;232;48;5;234m│[0;48;5;234m  [0;38;5;78;48;5;234m▆▆▆[0;48;5;234m  [0;38;5;232;48;5;234m│[0;48;5;234m  [0;38;5;78;48;5;234m▆▆▆[0;48;5;234m  [0;38;5;232;48;5;234m│[0;48;5;234m     [0;38;5;236;48;5;234m│[0;48;5;234m [0;38;5;243;48;5;234m  0.0[0;48;5;234m    [0;38;5;243;48;5;234m  0.0[0;48;5;234m    [0;38;5;243;48;5;234m  0.0[0;48;5;234m   [0;38;5;236;48;5;234m│[0;48;5;234m [0m
[0;48;5;234m       [0;38;5;78;48;5;234m▆▆▆[0;48;5;234m  [0;38;5;232;48;5;234m│[0;48;5;234m  [0;38;5;78;48;5;234m▆▆▆[0;48;5;234m  [0;38;5;232;48;5;234m│[0;48;5;234m  [0;38;5;78;48;5;234m▆▆▆[0;48;5;234m  [0;38;5;232;48;5;234m│[0;48;5;234m  [0;38;5;78;48;5;234m▆▆▆[0;48;5;234m  [0;38;5;232;48;5;234m│[0;48;5;234m  [0;38;5;78;48;5;234m▆▆▆[0;48;5;234m  [0;38;5;232;48;5;234m│[0;48;5;234m  [0;38;5;78;48;5;234m▆▆▆[0;48;5;234m  [0;38;5;232;48;5;234m│[0;48;5;234m  [0;38;5;78;48;5;234m▆▆▆[0;48;5;234m  [0;38;5;232;48;5;234m│[0;48;5;234m  [0;38;5;78;48;5;234m▆▆▆[0;48;5;234m  [0;38;5;232;48;5;234m│[0;48;5;234m  [0;38;5;78;48;5;234m▆▆▆[0;48;5;234m  [0;38;5;232;48;5;234m│[0;48;5;234m  [0;38;5;78;48;5;234m▆▆▆[0;48;5;234m  [0;38;5;232;48;5;234m│[0;48;5;234m     [0;38;5;236;48;5;234m│[0;48;5;234m                           [0;38;5;236;48;5;234m│[0;48;5;234m [0m
[0;48;5;234m       [0;38;5;78;48;5;234m▆▆▆[0;48;5;234m  [0;38;5;232;48;5;234m│[0;48;5;234m  [0;38;5;78;48;5;234m▆▆▆[0;48;5;234m  [0;38;5;232;48;5;234m│[0;48;5;234m  [0;38;5;78;48;5;234m▆▆▆[0;48;5;234m  [0;38;5;232;48;5;234m│[0;48;5;234m  [0;38;5;78;48;5;234m▆▆▆[0;48;5;234m  [0;38;5;232;48;5;234m│[0;48;5;234m  [0;38;5;78;48;5;234m▆▆▆[0;48;5;234m  [0;38;5;232;48;5;234m│[0;48;5;234m  [0;38;5;78;48;5;234m▆▆▆[0;48;5;234m  [0;38;5;232;48;5;234m│[0;48;5;234m  [0;38;5;78;48;5;234m▆▆▆[0;48;5;234m  [0;38;5;232;48;5;234m│[0;48;5;234m  [0;38;5;78;48;5;234m▆▆▆[0;48;5;234m  [0;38;5;232;48;5;234m│[0;48;5;234m  [0;38;5;78;48;5;234m▆▆▆[0;48;5;234m  [0;38;5;232;48;5;234m│[0;48;5;234m  [0;38;5;78;48;5;234m▆▆▆[0;48;5;234m  [0;38;5;232;48;5;234m│[0;48;5;234m     [0;38;5;236;48;5;234m│[0;48;5;234m [0;1;38;5;254;48;5;235m ↑ [0;48;5;234m [0;38;5;149;48;5;234mGTR[0;48;5;234m  [0;1;38;5;254;48;5;235m ↑ [0;48;5;234m [0;38;5;80;48;5;234mPNO[0;48;5;234m  [0;1;38;5;115;48;5;235m ↗ [0;48;5;234m [0;38;5;75;48;5;234mVOX[0;48;5;234m [0;38;5;236;48;5;234m│[0;48;5;234m [0m
[0;48;5;234m       [0;38;5;78;48;5;234m▆▆▆[0;48;5;234m  [0;38;5;232;48;5;234m│[0;48;5;234m  [0;38;5;78;48;5;234m▆▆▆[0;48;5;234m  [0;38;5;232;48;5;234m│[0;48;5;234m  [0;38;5;78;48;5;234m▆▆▆[0;48;5;234m  [0;38;5;232;48;5;234m│[0;48;5;234m  [0;38;5;78;48;5;234m▆▆▆[0;48;5;234m  [0;38;5;232;48;5;234m│[0;48;5;234m  [0;38;5;78;48;5;234m▆▆▆[0;48;5;234m  [0;38;5;232;48;5;234m│[0;48;5;234m  [0;38;5;78;48;5;234m▆▆▆[0;48;5;234m  [0;38;5;232;48;5;234m│[0;48;5;234m  [0;38;5;78;48;5;234m▆▆▆[0;48;5;234m  [0;38;5;232;48;5;234m│[0;48;5;234m  [0;38;5;78;48;5;234m▆▆▆[0;48;5;234m  [0;38;5;232;48;5;234m│[0;48;5;234m  [0;38;5;78;48;5;234m▆▆▆[0;48;5;234m  [0;38;5;232;48;5;234m│[0;48;5;234m  [0;38;5;78;48;5;234m▆▆▆[0;48;5;234m  [0;38;5;232;48;5;234m│[0;48;5;234m     [0;38;5;236;48;5;234m│[0;48;5;234m [0;38;5;243;48;5;234m  0.0[0;48;5;234m    [0;38;5;243;48;5;234m  0.0[0;48;5;234m    [0;38;5;115;48;5;234m +3.0[0;48;5;234m   [0;38;5;236;48;5;234m│[0;48;5;234m [0m
[0;48;5;234m       [0;38;5;78;48;5;234m▆▆▆[0;48;5;234m  [0;38;5;232;48;5;234m│[0;48;5;234m  [0;38;5;78;48;5;234m▆▆▆[0;48;5;234m  [0;38;5;232;48;5;234m│[0;48;5;234m  [0;38;5;78;48;5;234m▆▆▆[0;48;5;234m  [0;38;5;232;48;5;234m│[0;48;5;234m  [0;38;5;78;48;5;234m▆▆▆[0;48;5;234m  [0;38;5;232;48;5;234m│[0;48;5;234m  [0;38;5;78;48;5;234m▆▆▆[0;48;5;234m  [0;38;5;232;48;5;234m│[0;48;5;234m  [0;38;5;78;48;5;234m▆▆▆[0;48;5;234m  [0;38;5;232;48;5;234m│[0;48;5;234m  [0;38;5;78;48;5;234m▆▆▆[0;48;5;234m  [0;38;5;232;48;5;234m│[0;48;5;234m  [0;38;5;78;48;5;234m▆▆▆[0;48;5;234m  [0;38;5;232;48;5;234m│[0;48;5;234m  [0;38;5;78;48;5;234m▆▆▆[0;48;5;234m  [0;38;5;232;48;5;234m│[0;48;5;234m  [0;38;5;78;48;5;234m▆▆▆[0;48;5;234m  [0;38;5;232;48;5;234m│[0;48;5;234m     [0;38;5;236;48;5;234m│[0;48;5;234m                           [0;38;5;236;48;5;234m│[0;48;5;234m [0m
[0;48;5;234m       [0;38;5;78;48;5;234m▆▆▆[0;48;5;234m  [0;38;5;232;48;5;234m│[0;48;5;234m  [0;38;5;78;48;5;234m▆▆▆[0;48;5;234m  [0;38;5;232;48;5;234m│[0;48;5;234m  [0;38;5;78;48;5;234m▆▆▆[0;48;5;234m  [0;38;5;232;48;5;234m│[0;48;5;234m  [0;38;5;78;48;5;234m▆▆▆[0;48;5;234m  [0;38;5;232;48;5;234m│[0;48;5;234m  [0;38;5;78;48;5;234m▆▆▆[0;48;5;234m  [0;38;5;232;48;5;234m│[0;48;5;234m  [0;38;5;78;48;5;234m▆▆▆[0;48;5;234m  [0;38;5;232;48;5;234m│[0;48;5;234m  [0;38;5;78;48;5;234m▆▆▆[0;48;5;234m  [0;38;5;232;48;5;234m│[0;48;5;234m  [0;38;5;78;48;5;234m▆▆▆[0;48;5;234m  [0;38;5;232;48;5;234m│[0;48;5;234m  [0;38;5;78;48;5;234m▆▆▆[0;48;5;234m  [0;38;5;232;48;5;234m│[0;48;5;234m  [0;38;5;78;48;5;234m▆▆▆[0;48;5;234m  [0;38;5;232;48;5;234m│[0;48;5;234m     [0;38;5;236;48;5;234m│[0;48;5;234m [0;1;38;5;254;48;5;235m ↑ [0;48;5;234m [0;38;5;147;48;5;234mCYM[0;48;5;234m  [0;1;38;5;254;48;5;235m ↑ [0;48;5;234m [0;38;5;212;48;5;234mAIR[0;48;5;234m          [0;38;5;236;48;5;234m│[0;48;5;234m [0m
[0;48;5;234m [0;38;5;243;48;5;234m-60[0;48;5;234m   [0;38;5;78;48;5;234m▆▆▆[0;48;5;234m  [0;38;5;232;48;5;234m│[0;48;5;234m  [0;38;5;78;48;5;234m▆▆▆[0;48;5;234m  [0;38;5;232;48;5;234m│[0;48;5;234m  [0;38;5;78;48;5;234m▆▆▆[0;48;5;234m  [0;38;5;232;48;5;234m│[0;48;5;234m  [0;38;5;78;48;5;234m▆▆▆[0;48;5;234m  [0;38;5;232;48;5;234m│[0;48;5;234m  [0;38;5;78;48;5;234m▆▆▆[0;48;5;234m  [0;38;5;232;48;5;234m│[0;48;5;234m  [0;38;5;78;48;5;234m▆▆▆[0;48;5;234m  [0;38;5;232;48;5;234m│[0;48;5;234m  [0;38;5;78;48;5;234m▆▆▆[0;48;5;234m  [0;38;5;232;48;5;234m│[0;48;5;234m  [0;38;5;78;48;5;234m▆▆▆[0;48;5;234m  [0;38;5;232;48;5;234m│[0;48;5;234m  [0;38;5;78;48;5;234m▆▆▆[0;48;5;234m  [0;38;5;232;48;5;234m│[0;48;5;234m  [0;38;5;78;48;5;234m▆▆▆[0;48;5;234m  [0;38;5;232;48;5;234m│[0;48;5;234m     [0;38;5;236;48;5;234m│[0;48;5;234m [0;38;5;243;48;5;234m  0.0[0;48;5;234m    [0;38;5;243;48;5;234m  0.0[0;48;5;234m            [0;38;5;236;48;5;234m│[0;48;5;234m [0m
[0;48;5;234m      [0;38;5;215;48;5;232m -9.0[0;48;5;234m [0;38;5;232;48;5;234m│[0;48;5;234m [0;38;5;215;48;5;232m -7.5[0;48;5;234m [0;38;5;232;48;5;234m│[0;48;5;234m [0;38;5;215;48;5;232m-11.0[0;48;5;234m [0;38;5;232;48;5;234m│[0;48;5;234m [0;38;5;215;48;5;232m-15.0[0;48;5;234m [0;38;5;232;48;5;234m│[0;48;5;234m [0;38;5;215;48;5;232m-19.0[0;48;5;234m [0;38;5;232;48;5;234m│[0;48;5;234m [0;38;5;215;48;5;232m-17.0[0;48;5;234m [0;38;5;232;48;5;234m│[0;48;5;234m [0;38;5;215;48;5;232m-22.0[0;48;5;234m [0;38;5;232;48;5;234m│[0;48;5;234m [0;38;5;215;48;5;232m-26.0[0;48;5;234m [0;38;5;232;48;5;234m│[0;48;5;234m [0;38;5;215;48;5;232m-29.0[0;48;5;234m [0;38;5;232;48;5;234m│[0;48;5;234m [0;38;5;215;48;5;232m-37.0[0;48;5;234m [0;38;5;232;48;5;234m│[0;48;5;234m     [0;38;5;236;48;5;234m│[0;48;5;234m                           [0;38;5;236;48;5;234m│[0;48;5;234m [0m
[0;48;5;234m        [0;38;5;237;48;5;234m│[0;48;5;234m   [0;38;5;232;48;5;234m│[0;48;5;234m   [0;38;5;237;48;5;234m│[0;48;5;234m   [0;38;5;232;48;5;234m│[0;48;5;234m   [0;38;5;237;48;5;234m│[0;48;5;234m   [0;38;5;232;48;5;234m│[0;48;5;234m   [0;38;5;237;48;5;234m│[0;48;5;234m   [0;38;5;232;48;5;234m│[0;48;5;234m   [0;38;5;237;48;5;234m│[0;48;5;234m   [0;38;5;232;48;5;234m│[0;48;5;234m   [0;38;5;237;48;5;234m│[0;48;5;234m   [0;38;5;232;48;5;234m│[0;48;5;234m   [0;38;5;237;48;5;234m│[0;48;5;234m   [0;38;5;232;48;5;234m│[0;48;5;234m   [0;38;5;237;48;5;234m│[0;48;5;234m   [0;38;5;232;48;5;234m│[0;48;5;234m   [0;38;5;237;48;5;234m│[0;48;5;234m   [0;38;5;232;48;5;234m│[0;48;5;234m   [0;38;5;237;48;5;234m│[0;48;5;234m   [0;38;5;232;48;5;234m│[0;48;5;234m     [0;38;5;236;48;5;234m│[0;48;5;234m [0;38;5;243;48;5;234mCOLOUR[0;48;5;234m [0;1;38;5;215;48;5;234mTAPE[0;48;5;234m  [0;38;5;215;48;5;234m▆▆▆[0;38;5;235;48;5;234m▆▆▆▆▆▆▆[0;48;5;234m   [0;38;5;236;48;5;234m│[0;48;5;234m [0m
[0;48;5;234m        [0;38;5;237;48;5;234m│[0;48;5;234m   [0;38;5;232;48;5;234m│[0;48;5;234m   [0;38;5;237;48;5;234m│[0;48;5;234m   [0;38;5;232;48;5;234m│[0;48;5;234m   [0;38;5;237;48;5;234m│[0;48;5;234m   [0;38;5;232;48;5;234m│[0;48;5;234m   [0;38;5;237;48;5;234m│[0;48;5;234m   [0;38;5;232;48;5;234m│[0;48;5;234m   [0;38;5;237;48;5;234m│[0;48;5;234m   [0;38;5;232;48;5;234m│[0;48;5;234m   [0;38;5;237;48;5;234m│[0;48;5;234m   [0;38;5;232;48;5;234m│[0;48;5;234m   [0;38;5;237;48;5;234m│[0;48;5;234m   [0;38;5;232;48;5;234m│[0;48;5;234m   [0;38;5;237;48;5;234m│[0;48;5;234m   [0;38;5;232;48;5;234m│[0;48;5;234m   [0;38;5;237;48;5;234m│[0;48;5;234m   [0;38;5;232;48;5;234m│[0;48;5;234m   [0;38;5;237;48;5;234m│[0;48;5;234m   [0;38;5;232;48;5;234m│[0;48;5;234m     [0;38;5;236;48;5;234m│[0;48;5;234m                           [0;38;5;236;48;5;234m│[0;48;5;234m [0m
[0;48;5;234m      [0;38;5;252;48;5;234m▐███▌[0;48;5;234m [0;38;5;232;48;5;234m│[0;48;5;234m   [0;38;5;237;48;5;234m│[0;48;5;234m   [0;38;5;232;48;5;234m│[0;48;5;234m   [0;38;5;237;48;5;234m│[0;48;5;234m   [0;38;5;232;48;5;234m│[0;48;5;234m   [0;38;5;237;48;5;234m│[0;48;5;234m   [0;38;5;232;48;5;234m│[0;48;5;234m   [0;38;5;237;48;5;234m│[0;48;5;234m   [0;38;5;232;48;5;234m│[0;48;5;234m   [0;38;5;237;48;5;234m│[0;48;5;234m   [0;38;5;232;48;5;234m│[0;48;5;234m   [0;38;5;237;48;5;234m│[0;48;5;234m   [0;38;5;232;48;5;234m│[0;48;5;234m   [0;38;5;237;48;5;234m│[0;48;5;234m   [0;38;5;232;48;5;234m│[0;48;5;234m   [0;38;5;237;48;5;234m│[0;48;5;234m   [0;38;5;232;48;5;234m│[0;48;5;234m   [0;38;5;237;48;5;234m│[0;48;5;234m   [0;38;5;232;48;5;234m│[0;48;5;234m     [0;38;5;236;48;5;234m│[0;48;5;234m                           [0;38;5;236;48;5;234m│[0;48;5;234m [0m
[0;48;5;234m        [0;38;5;115;48;5;234m┃[0;48;5;234m   [0;38;5;232;48;5;234m│[0;48;5;234m [0;38;5;252;48;5;234m▐███▌[0;48;5;234m [0;38;5;232;48;5;234m│[0;48;5;234m [0;38;5;252;48;5;234m▐███▌[0;48;5;234m [0;38;5;232;48;5;234m│[0;48;5;234m [0;38;5;252;48;5;234m▐███▌[0;48;5;234m [0;38;5;232;48;5;234m│[0;48;5;234m   [0;38;5;237;48;5;234m│[0;48;5;234m   [0;38;5;232;48;5;234m│[0;48;5;234m   [0;38;5;237;48;5;234m│[0;48;5;234m   [0;38;5;232;48;5;234m│[0;48;5;234m   [0;38;5;237;48;5;234m│[0;48;5;234m   [0;38;5;232;48;5;234m│[0;48;5;234m   [0;38;5;237;48;5;234m│[0;48;5;234m   [0;38;5;232;48;5;234m│[0;48;5;234m [0;38;5;252;48;5;234m▐███▌[0;48;5;234m [0;38;5;232;48;5;234m│[0;48;5;234m [0;38;5;252;48;5;234m▐███▌[0;48;5;234m [0;38;5;232;48;5;234m│[0;48;5;234m     [0;38;5;236;48;5;234m│[0;48;5;234m                           [0;38;5;236;48;5;234m│[0;48;5;234m [0m
[0;48;5;234m      [0;38;5;243;48;5;234m╶─[0;38;5;115;48;5;234m┃[0;38;5;243;48;5;234m─╴[0;48;5;234m [0;38;5;232;48;5;234m│[0;48;5;234m [0;38;5;243;48;5;234m╶─[0;38;5;115;48;5;234m┃[0;38;5;243;48;5;234m─╴[0;48;5;234m [0;38;5;232;48;5;234m│[0;48;5;234m [0;38;5;243;48;5;234m╶─[0;38;5;115;48;5;234m┃[0;38;5;243;48;5;234m─╴[0;48;5;234m [0;38;5;232;48;5;234m│[0;48;5;234m [0;38;5;243;48;5;234m╶─[0;38;5;115;48;5;234m┃[0;38;5;243;48;5;234m─╴[0;48;5;234m [0;38;5;232;48;5;234m│[0;48;5;234m [0;38;5;252;48;5;234m▐███▌[0;48;5;234m [0;38;5;232;48;5;234m│[0;48;5;234m [0;38;5;243;48;5;234m╶─[0;38;5;212;48;5;234m┃[0;38;5;243;48;5;234m─╴[0;48;5;234m [0;38;5;232;48;5;234m│[0;48;5;234m [0;38;5;252;48;5;234m▐███▌[0;48;5;234m [0;38;5;232;48;5;234m│[0;48;5;234m [0;38;5;252;48;5;234m▐███▌[0;48;5;234m [0;38;5;232;48;5;234m│[0;48;5;234m [0;38;5;243;48;5;234m╶─[0;38;5;115;48;5;234m┃[0;38;5;243;48;5;234m─╴[0;48;5;234m [0;38;5;232;48;5;234m│[0;48;5;234m [0;38;5;243;48;5;234m╶─[0;38;5;115;48;5;234m┃[0;38;5;243;48;5;234m─╴[0;48;5;234m [0;38;5;232;48;5;234m│[0;48;5;234m     [0;38;5;236;48;5;234m│[0;48;5;234m                           [0;38;5;236;48;5;234m│[0;48;5;234m [0m
[0;48;5;234m        [0;38;5;237;48;5;234m│[0;48;5;234m   [0;38;5;232;48;5;234m│[0;48;5;234m   [0;38;5;237;48;5;234m│[0;48;5;234m   [0;38;5;232;48;5;234m│[0;48;5;234m   [0;38;5;237;48;5;234m│[0;48;5;234m   [0;38;5;232;48;5;234m│[0;48;5;234m   [0;38;5;237;48;5;234m│[0;48;5;234m   [0;38;5;232;48;5;234m│[0;48;5;234m   [0;38;5;237;48;5;234m│[0;48;5;234m   [0;38;5;232;48;5;234m│[0;48;5;234m [0;38;5;252;48;5;234m▐███▌[0;48;5;234m [0;38;5;232;48;5;234m│[0;48;5;234m   [0;38;5;237;48;5;234m│[0;48;5;234m   [0;38;5;232;48;5;234m│[0;48;5;234m   [0;38;5;237;48;5;234m│[0;48;5;234m   [0;38;5;232;48;5;234m│[0;48;5;234m   [0;38;5;237;48;5;234m│[0;48;5;234m   [0;38;5;232;48;5;234m│[0;48;5;234m   [0;38;5;237;48;5;234m│[0;48;5;234m   [0;38;5;232;48;5;234m│[0;48;5;234m     [0;38;5;236;48;5;234m│[0;48;5;234m                           [0;38;5;236;48;5;234m│[0;48;5;234m [0m
[0;48;5;234m        [0;38;5;237;48;5;234m│[0;48;5;234m   [0;38;5;232;48;5;234m│[0;48;5;234m   [0;38;5;237;48;5;234m│[0;48;5;234m   [0;38;5;232;48;5;234m│[0;48;5;234m   [0;38;5;237;48;5;234m│[0;48;5;234m   [0;38;5;232;48;5;234m│[0;48;5;234m   [0;38;5;237;48;5;234m│[0;48;5;234m   [0;38;5;232;48;5;234m│[0;48;5;234m   [0;38;5;237;48;5;234m│[0;48;5;234m   [0;38;5;232;48;5;234m│[0;48;5;234m   [0;38;5;237;48;5;234m│[0;48;5;234m   [0;38;5;232;48;5;234m│[0;48;5;234m   [0;38;5;237;48;5;234m│[0;48;5;234m   [0;38;5;232;48;5;234m│[0;48;5;234m   [0;38;5;237;48;5;234m│[0;48;5;234m   [0;38;5;232;48;5;234m│[0;48;5;234m   [0;38;5;237;48;5;234m│[0;48;5;234m   [0;38;5;232;48;5;234m│[0;48;5;234m   [0;38;5;237;48;5;234m│[0;48;5;234m   [0;38;5;232;48;5;234m│[0;48;5;234m     [0;38;5;236;48;5;234m│[0;48;5;234m                           [0;38;5;236;48;5;234m│[0;48;5;234m [0m
[0;48;5;234m        [0;38;5;237;48;5;234m│[0;48;5;234m   [0;38;5;232;48;5;234m│[0;48;5;234m   [0;38;5;237;48;5;234m│[0;48;5;234m   [0;38;5;232;48;5;234m│[0;48;5;234m   [0;38;5;237;48;5;234m│[0;48;5;234m   [0;38;5;232;48;5;234m│[0;48;5;234m   [0;38;5;237;48;5;234m│[0;48;5;234m   [0;38;5;232;48;5;234m│[0;48;5;234m   [0;38;5;237;48;5;234m│[0;48;5;234m   [0;38;5;232;48;5;234m│[0;48;5;234m   [0;38;5;237;48;5;234m│[0;48;5;234m   [0;38;5;232;48;5;234m│[0;48;5;234m   [0;38;5;237;48;5;234m│[0;48;5;234m   [0;38;5;232;48;5;234m│[0;48;5;234m   [0;38;5;237;48;5;234m│[0;48;5;234m   [0;38;5;232;48;5;234m│[0;48;5;234m   [0;38;5;237;48;5;234m│[0;48;5;234m   [0;38;5;232;48;5;234m│[0;48;5;234m   [0;38;5;237;48;5;234m│[0;48;5;234m   [0;38;5;232;48;5;234m│[0;48;5;234m     [0;38;5;236;48;5;234m│[0;48;5;234m                           [0;38;5;236;48;5;234m│[0;48;5;234m [0m
[0;48;5;234m        [0;38;5;237;48;5;234m│[0;48;5;234m   [0;38;5;232;48;5;234m│[0;48;5;234m   [0;38;5;237;48;5;234m│[0;48;5;234m   [0;38;5;232;48;5;234m│[0;48;5;234m   [0;38;5;237;48;5;234m│[0;48;5;234m   [0;38;5;232;48;5;234m│[0;48;5;234m   [0;38;5;237;48;5;234m│[0;48;5;234m   [0;38;5;232;48;5;234m│[0;48;5;234m   [0;38;5;237;48;5;234m│[0;48;5;234m   [0;38;5;232;48;5;234m│[0;48;5;234m   [0;38;5;237;48;5;234m│[0;48;5;234m   [0;38;5;232;48;5;234m│[0;48;5;234m   [0;38;5;237;48;5;234m│[0;48;5;234m   [0;38;5;232;48;5;234m│[0;48;5;234m   [0;38;5;237;48;5;234m│[0;48;5;234m   [0;38;5;232;48;5;234m│[0;48;5;234m   [0;38;5;237;48;5;234m│[0;48;5;234m   [0;38;5;232;48;5;234m│[0;48;5;234m   [0;38;5;237;48;5;234m│[0;48;5;234m   [0;38;5;232;48;5;234m│[0;48;5;234m     [0;38;5;236;48;5;234m│[0;48;5;234m                           [0;38;5;236;48;5;234m│[0;48;5;234m [0m
[0;48;5;234m      [0;1;38;5;115;48;5;234m+4.8[0;48;5;234m  [0;38;5;232;48;5;234m│[0;48;5;234m [0;1;38;5;115;48;5;234m+4.0[0;48;5;234m  [0;38;5;232;48;5;234m│[0;48;5;234m [0;1;38;5;115;48;5;234m+4.2[0;48;5;234m  [0;38;5;232;48;5;234m│[0;48;5;234m [0;1;38;5;115;48;5;234m+2.3[0;48;5;234m  [0;38;5;232;48;5;234m│[0;48;5;234m  [0;1;38;5;243;48;5;234m0.0[0;48;5;234m  [0;38;5;232;48;5;234m│[0;48;5;234m [0;1;38;5;212;48;5;234m-3.1[0;48;5;234m  [0;38;5;232;48;5;234m│[0;48;5;234m  [0;1;38;5;243;48;5;234m0.0[0;48;5;234m  [0;38;5;232;48;5;234m│[0;48;5;234m  [0;1;38;5;243;48;5;234m0.0[0;48;5;234m  [0;38;5;232;48;5;234m│[0;48;5;234m [0;1;38;5;115;48;5;234m+3.1[0;48;5;234m  [0;38;5;232;48;5;234m│[0;48;5;234m [0;1;38;5;115;48;5;234m+2.4[0;48;5;234m  [0;38;5;232;48;5;234m│[0;48;5;234m     [0;38;5;236;48;5;234m│[0;48;5;234m                           [0;38;5;236;48;5;234m│[0;48;5;234m [0m
[0;48;5;234m                                                                                          [0;38;5;236;48;5;234m╰───────────────────────────╯[0;48;5;234m [0m
[0;48;5;234m                                                                                                                        [0m
[0;1;38;5;254;48;5;236m 1…0 [0;38;5;243;48;5;234m band  [0;1;38;5;254;48;5;236m ⇧ [0;38;5;243;48;5;234m down  [0;1;38;5;254;48;5;236m z [0;38;5;243;48;5;234m zones off  [0;1;38;5;254;48;5;236m i [0;38;5;243;48;5;234m instruments  [0;1;38;5;254;48;5;236m [ ] [0;38;5;243;48;5;234m focus  [0;1;38;5;254;48;5;236m +− [0;38;5;243;48;5;234m preamp  [0;1;38;5;254;48;5;236m p [0;38;5;243;48;5;234m preset  [0;1;38;5;254;48;5;236m u [0;38;5;243;48;5;234m undo  [0;1;38;5;254;48;5;236m ? [0;38;5;243;48;5;234m keys  [0;1;38;5;254;48;5;236m q [0;38;5;243;48;5;234m quit[0m
