[0;48;2;35;32;28m [0;38;2;126;117;100;48;2;35;32;28mDEVICE [0;1;38;2;244;236;216;48;2;35;32;28mBE-RCA[0;48;2;35;32;28m   [0;38;2;126;117;100;48;2;35;32;28mRATE [0;1;38;2;236;227;207;48;2;35;32;28m44.1k[0;48;2;35;32;28m   [0;38;2;126;117;100;48;2;35;32;28mPRESET [0;1;38;2;244;236;216;48;2;35;32;28mfavourite*[0;48;2;35;32;28m      [0;38;2;58;35;32;48;2;35;32;28m●[0;48;2;35;32;28m [0;38;2;126;117;100;48;2;35;32;28mSOLO[0;48;2;35;32;28m  [0;38;2;58;35;32;48;2;35;32;28m●[0;48;2;35;32;28m [0;38;2;126;117;100;48;2;35;32;28mBYPASS[0;48;2;35;32;28m  [0;38;2;58;35;32;48;2;35;32;28m●[0;48;2;35;32;28m [0;38;2;126;117;100;48;2;35;32;28mLIMIT[0;48;2;35;32;28m  [0m
[0;48;2;28;26;23m [0;1;38;2;22;20;15;48;2;240;162;74m METER [0;48;2;28;26;23m [0;4;38;2;240;162;74;48;2;52;48;42mT[0;38;2;185;174;151;48;2;52;48;42mUNE[0;48;2;28;26;23m [0;4;38;2;240;162;74;48;2;52;48;42mI[0;38;2;185;174;151;48;2;52;48;42mNSTRUMENTS[0;48;2;28;26;23m [0;4;38;2;240;162;74;48;2;52;48;42mP[0;38;2;185;174;151;48;2;52;48;42mRESETS[0;48;2;28;26;23m [0;4;38;2;240;162;74;48;2;52;48;42mD[0;38;2;185;174;151;48;2;52;48;42mEVICES[0;48;2;28;26;23m [0;4;38;2;240;162;74;48;2;52;48;42mF[0;38;2;185;174;151;48;2;52;48;42mILTERS[0;48;2;28;26;23m [0;4;38;2;240;162;74;48;2;52;48;42mA[0;38;2;185;174;151;48;2;52;48;42mPPS[0;48;2;28;26;23m [0;4;38;2;240;162;74;48;2;52;48;42mS[0;38;2;185;174;151;48;2;52;48;42mYSTEM[0;48;2;28;26;23m [0;4;38;2;240;162;74;48;2;52;48;42mH[0;38;2;185;174;151;48;2;52;48;42mISTORY[0;48;2;28;26;23m [0;4;38;2;240;162;74;48;2;52;48;42mE[0;38;2;185;174;151;48;2;52;48;42mVENTS[0;48;2;28;26;23m    [0m
[0;48;2;28;26;23m     [0;1;38;2;42;37;28;48;2;230;218;189m  32  [0;38;2;12;11;9;48;2;28;26;23m│[0;1;38;2;42;37;28;48;2;230;218;189m  64  [0;38;2;12;11;9;48;2;28;26;23m│[0;1;38;2;42;37;28;48;2;230;218;189m 125  [0;38;2;12;11;9;48;2;28;26;23m│[0;1;38;2;42;37;28;48;2;230;218;189m 250  [0;38;2;12;11;9;48;2;28;26;23m│[0;1;38;2;42;37;28;48;2;230;218;189m 500  [0;38;2;12;11;9;48;2;28;26;23m│[0;1;38;2;42;37;28;48;2;230;218;189m  1k  [0;38;2;12;11;9;48;2;28;26;23m│[0;1;38;2;42;37;28;48;2;230;218;189m  2k  [0;38;2;12;11;9;48;2;28;26;23m│[0;1;38;2;42;37;28;48;2;230;218;189m  4k  [0;38;2;12;11;9;48;2;28;26;23m│[0;1;38;2;42;37;28;48;2;230;218;189m  8k  [0;38;2;12;11;9;48;2;28;26;23m│[0;1;38;2;42;37;28;48;2;230;218;189m 16k  [0;38;2;12;11;9;48;2;28;26;23m│[0;48;2;28;26;23m     [0m
[0;48;2;28;26;23m [0;38;2;126;117;100;48;2;28;26;23m  0[0;48;2;28;26;23m  [0;38;2;255;75;62;48;2;28;26;23m▆▆▆[0;48;2;28;26;23m  [0;38;2;12;11;9;48;2;28;26;23m│[0;48;2;28;26;23m [0;38;2;255;75;62;48;2;28;26;23m▆▆▆[0;48;2;28;26;23m  [0;38;2;12;11;9;48;2;28;26;23m│[0;48;2;28;26;23m [0;38;2;58;21;18;48;2;28;26;23m▆▆▆[0;48;2;28;26;23m  [0;38;2;12;11;9;48;2;28;26;23m│[0;48;2;28;26;23m [0;38;2;58;21;18;48;2;28;26;23m▆▆▆[0;48;2;28;26;23m  [0;38;2;12;11;9;48;2;28;26;23m│[0;48;2;28;26;23m [0;38;2;58;21;18;48;2;28;26;23m▆▆▆[0;48;2;28;26;23m  [0;38;2;12;11;9;48;2;28;26;23m│[0;48;2;28;26;23m [0;38;2;58;21;18;48;2;28;26;23m▆▆▆[0;48;2;28;26;23m  [0;38;2;12;11;9;48;2;28;26;23m│[0;48;2;28;26;23m [0;38;2;58;21;18;48;2;28;26;23m▆▆▆[0;48;2;28;26;23m  [0;38;2;12;11;9;48;2;28;26;23m│[0;48;2;28;26;23m [0;38;2;58;21;18;48;2;28;26;23m▆▆▆[0;48;2;28;26;23m  [0;38;2;12;11;9;48;2;28;26;23m│[0;48;2;28;26;23m [0;38;2;58;21;18;48;2;28;26;23m▆▆▆[0;48;2;28;26;23m  [0;38;2;12;11;9;48;2;28;26;23m│[0;48;2;28;26;23m [0;38;2;58;21;18;48;2;28;26;23m▆▆▆[0;48;2;28;26;23m  [0;38;2;12;11;9;48;2;28;26;23m│[0;48;2;28;26;23m     [0m
[0;48;2;28;26;23m [0;38;2;126;117;100;48;2;28;26;23m -6[0;48;2;28;26;23m  [0;38;2;53;47;16;48;2;28;26;23m▆▆▆[0;48;2;28;26;23m  [0;38;2;12;11;9;48;2;28;26;23m│[0;48;2;28;26;23m [0;38;2;245;213;71;48;2;28;26;23m▆▆▆[0;48;2;28;26;23m  [0;38;2;12;11;9;48;2;28;26;23m│[0;48;2;28;26;23m [0;38;2;245;213;71;48;2;28;26;23m▆▆▆[0;48;2;28;26;23m  [0;38;2;12;11;9;48;2;28;26;23m│[0;48;2;28;26;23m [0;38;2;53;47;16;48;2;28;26;23m▆▆▆[0;48;2;28;26;23m  [0;38;2;12;11;9;48;2;28;26;23m│[0;48;2;28;26;23m [0;38;2;53;47;16;48;2;28;26;23m▆▆▆[0;48;2;28;26;23m  [0;38;2;12;11;9;48;2;28;26;23m│[0;48;2;28;26;23m [0;38;2;53;47;16;48;2;28;26;23m▆▆▆[0;48;2;28;26;23m  [0;38;2;12;11;9;48;2;28;26;23m│[0;48;2;28;26;23m [0;38;2;53;47;16;48;2;28;26;23m▆▆▆[0;48;2;28;26;23m  [0;38;2;12;11;9;48;2;28;26;23m│[0;48;2;28;26;23m [0;38;2;53;47;16;48;2;28;26;23m▆▆▆[0;48;2;28;26;23m  [0;38;2;12;11;9;48;2;28;26;23m│[0;48;2;28;26;23m [0;38;2;53;47;16;48;2;28;26;23m▆▆▆[0;48;2;28;26;23m  [0;38;2;12;11;9;48;2;28;26;23m│[0;48;2;28;26;23m [0;38;2;53;47;16;48;2;28;26;23m▆▆▆[0;48;2;28;26;23m  [0;38;2;12;11;9;48;2;28;26;23m│[0;48;2;28;26;23m     [0m
[0;48;2;28;26;23m      [0;38;2;245;213;71;48;2;28;26;23m▆▆▆[0;48;2;28;26;23m  [0;38;2;12;11;9;48;2;28;26;23m│[0;48;2;28;26;23m [0;38;2;245;213;71;48;2;28;26;23m▆▆▆[0;48;2;28;26;23m  [0;38;2;12;11;9;48;2;28;26;23m│[0;48;2;28;26;23m [0;38;2;245;213;71;48;2;28;26;23m▆▆▆[0;48;2;28;26;23m  [0;38;2;12;11;9;48;2;28;26;23m│[0;48;2;28;26;23m [0;38;2;245;213;71;48;2;28;26;23m▆▆▆[0;48;2;28;26;23m  [0;38;2;12;11;9;48;2;28;26;23m│[0;48;2;28;26;23m [0;38;2;245;213;71;48;2;28;26;23m▆▆▆[0;48;2;28;26;23m  [0;38;2;12;11;9;48;2;28;26;23m│[0;48;2;28;26;23m [0;38;2;245;213;71;48;2;28;26;23m▆▆▆[0;48;2;28;26;23m  [0;38;2;12;11;9;48;2;28;26;23m│[0;48;2;28;26;23m [0;38;2;53;47;16;48;2;28;26;23m▆▆▆[0;48;2;28;26;23m  [0;38;2;12;11;9;48;2;28;26;23m│[0;48;2;28;26;23m [0;38;2;53;47;16;48;2;28;26;23m▆▆▆[0;48;2;28;26;23m  [0;38;2;12;11;9;48;2;28;26;23m│[0;48;2;28;26;23m [0;38;2;53;47;16;48;2;28;26;23m▆▆▆[0;48;2;28;26;23m  [0;38;2;12;11;9;48;2;28;26;23m│[0;48;2;28;26;23m [0;38;2;53;47;16;48;2;28;26;23m▆▆▆[0;48;2;28;26;23m  [0;38;2;12;11;9;48;2;28;26;23m│[0;48;2;28;26;23m     [0m
[0;48;2;28;26;23m [0;38;2;126;117;100;48;2;28;26;23m-18[0;48;2;28;26;23m  [0;38;2;61;220;116;48;2;28;26;23m▆▆▆[0;48;2;28;26;23m  [0;38;2;12;11;9;48;2;28;26;23m│[0;48;2;28;26;23m [0;38;2;61;220;116;48;2;28;26;23m▆▆▆[0;48;2;28;26;23m  [0;38;2;12;11;9;48;2;28;26;23m│[0;48;2;28;26;23m [0;38;2;61;220;116;48;2;28;26;23m▆▆▆[0;48;2;28;26;23m  [0;38;2;12;11;9;48;2;28;26;23m│[0;48;2;28;26;23m [0;38;2;61;220;116;48;2;28;26;23m▆▆▆[0;48;2;28;26;23m  [0;38;2;12;11;9;48;2;28;26;23m│[0;48;2;28;26;23m [0;38;2;61;220;116;48;2;28;26;23m▆▆▆[0;48;2;28;26;23m  [0;38;2;12;11;9;48;2;28;26;23m│[0;48;2;28;26;23m [0;38;2;61;220;116;48;2;28;26;23m▆▆▆[0;48;2;28;26;23m  [0;38;2;12;11;9;48;2;28;26;23m│[0;48;2;28;26;23m [0;38;2;61;220;116;48;2;28;26;23m▆▆▆[0;48;2;28;26;23m  [0;38;2;12;11;9;48;2;28;26;23m│[0;48;2;28;26;23m [0;38;2;61;220;116;48;2;28;26;23m▆▆▆[0;48;2;28;26;23m  [0;38;2;12;11;9;48;2;28;26;23m│[0;48;2;28;26;23m [0;38;2;18;48;29;48;2;28;26;23m▆▆▆[0;48;2;28;26;23m  [0;38;2;12;11;9;48;2;28;26;23m│[0;48;2;28;26;23m [0;38;2;18;48;29;48;2;28;26;23m▆▆▆[0;48;2;28;26;23m  [0;38;2;12;11;9;48;2;28;26;23m│[0;48;2;28;26;23m     [0m
[0;48;2;28;26;23m      [0;38;2;61;220;116;48;2;28;26;23m▆▆▆[0;48;2;28;26;23m  [0;38;2;12;11;9;48;2;28;26;23m│[0;48;2;28;26;23m [0;38;2;61;220;116;48;2;28;26;23m▆▆▆[0;48;2;28;26;23m  [0;38;2;12;11;9;48;2;28;26;23m│[0;48;2;28;26;23m [0;38;2;61;220;116;48;2;28;26;23m▆▆▆[0;48;2;28;26;23m  [0;38;2;12;11;9;48;2;28;26;23m│[0;48;2;28;26;23m [0;38;2;61;220;116;48;2;28;26;23m▆▆▆[0;48;2;28;26;23m  [0;38;2;12;11;9;48;2;28;26;23m│[0;48;2;28;26;23m [0;38;2;61;220;116;48;2;28;26;23m▆▆▆[0;48;2;28;26;23m  [0;38;2;12;11;9;48;2;28;26;23m│[0;48;2;28;26;23m [0;38;2;61;220;116;48;2;28;26;23m▆▆▆[0;48;2;28;26;23m  [0;38;2;12;11;9;48;2;28;26;23m│[0;48;2;28;26;23m [0;38;2;61;220;116;48;2;28;26;23m▆▆▆[0;48;2;28;26;23m  [0;38;2;12;11;9;48;2;28;26;23m│[0;48;2;28;26;23m [0;38;2;18;48;29;48;2;28;26;23m▆▆▆[0;48;2;28;26;23m  [0;38;2;12;11;9;48;2;28;26;23m│[0;48;2;28;26;23m [0;38;2;61;220;116;48;2;28;26;23m▆▆▆[0;48;2;28;26;23m  [0;38;2;12;11;9;48;2;28;26;23m│[0;48;2;28;26;23m [0;38;2;18;48;29;48;2;28;26;23m▆▆▆[0;48;2;28;26;23m  [0;38;2;12;11;9;48;2;28;26;23m│[0;48;2;28;26;23m     [0m
[0;48;2;28;26;23m [0;38;2;126;117;100;48;2;28;26;23m-30[0;48;2;28;26;23m  [0;38;2;61;220;116;48;2;28;26;23m▆▆▆[0;48;2;28;26;23m  [0;38;2;12;11;9;48;2;28;26;23m│[0;48;2;28;26;23m [0;38;2;61;220;116;48;2;28;26;23m▆▆▆[0;48;2;28;26;23m  [0;38;2;12;11;9;48;2;28;26;23m│[0;48;2;28;26;23m [0;38;2;61;220;116;48;2;28;26;23m▆▆▆[0;48;2;28;26;23m  [0;38;2;12;11;9;48;2;28;26;23m│[0;48;2;28;26;23m [0;38;2;61;220;116;48;2;28;26;23m▆▆▆[0;48;2;28;26;23m  [0;38;2;12;11;9;48;2;28;26;23m│[0;48;2;28;26;23m [0;38;2;61;220;116;48;2;28;26;23m▆▆▆[0;48;2;28;26;23m  [0;38;2;12;11;9;48;2;28;26;23m│[0;48;2;28;26;23m [0;38;2;61;220;116;48;2;28;26;23m▆▆▆[0;48;2;28;26;23m  [0;38;2;12;11;9;48;2;28;26;23m│[0;48;2;28;26;23m [0;38;2;61;220;116;48;2;28;26;23m▆▆▆[0;48;2;28;26;23m  [0;38;2;12;11;9;48;2;28;26;23m│[0;48;2;28;26;23m [0;38;2;61;220;116;48;2;28;26;23m▆▆▆[0;48;2;28;26;23m  [0;38;2;12;11;9;48;2;28;26;23m│[0;48;2;28;26;23m [0;38;2;61;220;116;48;2;28;26;23m▆▆▆[0;48;2;28;26;23m  [0;38;2;12;11;9;48;2;28;26;23m│[0;48;2;28;26;23m [0;38;2;61;220;116;48;2;28;26;23m▆▆▆[0;48;2;28;26;23m  [0;38;2;12;11;9;48;2;28;26;23m│[0;48;2;28;26;23m     [0m
[0;48;2;28;26;23m      [0;38;2;61;220;116;48;2;28;26;23m▆▆▆[0;48;2;28;26;23m  [0;38;2;12;11;9;48;2;28;26;23m│[0;48;2;28;26;23m [0;38;2;61;220;116;48;2;28;26;23m▆▆▆[0;48;2;28;26;23m  [0;38;2;12;11;9;48;2;28;26;23m│[0;48;2;28;26;23m [0;38;2;61;220;116;48;2;28;26;23m▆▆▆[0;48;2;28;26;23m  [0;38;2;12;11;9;48;2;28;26;23m│[0;48;2;28;26;23m [0;38;2;61;220;116;48;2;28;26;23m▆▆▆[0;48;2;28;26;23m  [0;38;2;12;11;9;48;2;28;26;23m│[0;48;2;28;26;23m [0;38;2;61;220;116;48;2;28;26;23m▆▆▆[0;48;2;28;26;23m  [0;38;2;12;11;9;48;2;28;26;23m│[0;48;2;28;26;23m [0;38;2;61;220;116;48;2;28;26;23m▆▆▆[0;48;2;28;26;23m  [0;38;2;12;11;9;48;2;28;26;23m│[0;48;2;28;26;23m [0;38;2;61;220;116;48;2;28;26;23m▆▆▆[0;48;2;28;26;23m  [0;38;2;12;11;9;48;2;28;26;23m│[0;48;2;28;26;23m [0;38;2;61;220;116;48;2;28;26;23m▆▆▆[0;48;2;28;26;23m  [0;38;2;12;11;9;48;2;28;26;23m│[0;48;2;28;26;23m [0;38;2;61;220;116;48;2;28;26;23m▆▆▆[0;48;2;28;26;23m  [0;38;2;12;11;9;48;2;28;26;23m│[0;48;2;28;26;23m [0;38;2;18;48;29;48;2;28;26;23m▆▆▆[0;48;2;28;26;23m  [0;38;2;12;11;9;48;2;28;26;23m│[0;48;2;28;26;23m     [0m
[0;48;2;28;26;23m [0;38;2;126;117;100;48;2;28;26;23m-42[0;48;2;28;26;23m  [0;38;2;61;220;116;48;2;28;26;23m▆▆▆[0;48;2;28;26;23m  [0;38;2;12;11;9;48;2;28;26;23m│[0;48;2;28;26;23m [0;38;2;61;220;116;48;2;28;26;23m▆▆▆[0;48;2;28;26;23m  [0;38;2;12;11;9;48;2;28;26;23m│[0;48;2;28;26;23m [0;38;2;61;220;116;48;2;28;26;23m▆▆▆[0;48;2;28;26;23m  [0;38;2;12;11;9;48;2;28;26;23m│[0;48;2;28;26;23m [0;38;2;61;220;116;48;2;28;26;23m▆▆▆[0;48;2;28;26;23m  [0;38;2;12;11;9;48;2;28;26;23m│[0;48;2;28;26;23m [0;38;2;61;220;116;48;2;28;26;23m▆▆▆[0;48;2;28;26;23m  [0;38;2;12;11;9;48;2;28;26;23m│[0;48;2;28;26;23m [0;38;2;61;220;116;48;2;28;26;23m▆▆▆[0;48;2;28;26;23m  [0;38;2;12;11;9;48;2;28;26;23m│[0;48;2;28;26;23m [0;38;2;61;220;116;48;2;28;26;23m▆▆▆[0;48;2;28;26;23m  [0;38;2;12;11;9;48;2;28;26;23m│[0;48;2;28;26;23m [0;38;2;61;220;116;48;2;28;26;23m▆▆▆[0;48;2;28;26;23m  [0;38;2;12;11;9;48;2;28;26;23m│[0;48;2;28;26;23m [0;38;2;61;220;116;48;2;28;26;23m▆▆▆[0;48;2;28;26;23m  [0;38;2;12;11;9;48;2;28;26;23m│[0;48;2;28;26;23m [0;38;2;61;220;116;48;2;28;26;23m▆▆▆[0;48;2;28;26;23m  [0;38;2;12;11;9;48;2;28;26;23m│[0;48;2;28;26;23m     [0m
[0;48;2;28;26;23m      [0;38;2;61;220;116;48;2;28;26;23m▆▆▆[0;48;2;28;26;23m  [0;38;2;12;11;9;48;2;28;26;23m│[0;48;2;28;26;23m [0;38;2;61;220;116;48;2;28;26;23m▆▆▆[0;48;2;28;26;23m  [0;38;2;12;11;9;48;2;28;26;23m│[0;48;2;28;26;23m [0;38;2;61;220;116;48;2;28;26;23m▆▆▆[0;48;2;28;26;23m  [0;38;2;12;11;9;48;2;28;26;23m│[0;48;2;28;26;23m [0;38;2;61;220;116;48;2;28;26;23m▆▆▆[0;48;2;28;26;23m  [0;38;2;12;11;9;48;2;28;26;23m│[0;48;2;28;26;23m [0;38;2;61;220;116;48;2;28;26;23m▆▆▆[0;48;2;28;26;23m  [0;38;2;12;11;9;48;2;28;26;23m│[0;48;2;28;26;23m [0;38;2;61;220;116;48;2;28;26;23m▆▆▆[0;48;2;28;26;23m  [0;38;2;12;11;9;48;2;28;26;23m│[0;48;2;28;26;23m [0;38;2;61;220;116;48;2;28;26;23m▆▆▆[0;48;2;28;26;23m  [0;38;2;12;11;9;48;2;28;26;23m│[0;48;2;28;26;23m [0;38;2;61;220;116;48;2;28;26;23m▆▆▆[0;48;2;28;26;23m  [0;38;2;12;11;9;48;2;28;26;23m│[0;48;2;28;26;23m [0;38;2;61;220;116;48;2;28;26;23m▆▆▆[0;48;2;28;26;23m  [0;38;2;12;11;9;48;2;28;26;23m│[0;48;2;28;26;23m [0;38;2;61;220;116;48;2;28;26;23m▆▆▆[0;48;2;28;26;23m  [0;38;2;12;11;9;48;2;28;26;23m│[0;48;2;28;26;23m     [0m
[0;48;2;28;26;23m      [0;38;2;61;220;116;48;2;28;26;23m▆▆▆[0;48;2;28;26;23m  [0;38;2;12;11;9;48;2;28;26;23m│[0;48;2;28;26;23m [0;38;2;61;220;116;48;2;28;26;23m▆▆▆[0;48;2;28;26;23m  [0;38;2;12;11;9;48;2;28;26;23m│[0;48;2;28;26;23m [0;38;2;61;220;116;48;2;28;26;23m▆▆▆[0;48;2;28;26;23m  [0;38;2;12;11;9;48;2;28;26;23m│[0;48;2;28;26;23m [0;38;2;61;220;116;48;2;28;26;23m▆▆▆[0;48;2;28;26;23m  [0;38;2;12;11;9;48;2;28;26;23m│[0;48;2;28;26;23m [0;38;2;61;220;116;48;2;28;26;23m▆▆▆[0;48;2;28;26;23m  [0;38;2;12;11;9;48;2;28;26;23m│[0;48;2;28;26;23m [0;38;2;61;220;116;48;2;28;26;23m▆▆▆[0;48;2;28;26;23m  [0;38;2;12;11;9;48;2;28;26;23m│[0;48;2;28;26;23m [0;38;2;61;220;116;48;2;28;26;23m▆▆▆[0;48;2;28;26;23m  [0;38;2;12;11;9;48;2;28;26;23m│[0;48;2;28;26;23m [0;38;2;61;220;116;48;2;28;26;23m▆▆▆[0;48;2;28;26;23m  [0;38;2;12;11;9;48;2;28;26;23m│[0;48;2;28;26;23m [0;38;2;61;220;116;48;2;28;26;23m▆▆▆[0;48;2;28;26;23m  [0;38;2;12;11;9;48;2;28;26;23m│[0;48;2;28;26;23m [0;38;2;61;220;116;48;2;28;26;23m▆▆▆[0;48;2;28;26;23m  [0;38;2;12;11;9;48;2;28;26;23m│[0;48;2;28;26;23m     [0m
[0;48;2;28;26;23m [0;38;2;126;117;100;48;2;28;26;23m-60[0;48;2;28;26;23m  [0;38;2;61;220;116;48;2;28;26;23m▆▆▆[0;48;2;28;26;23m  [0;38;2;12;11;9;48;2;28;26;23m│[0;48;2;28;26;23m [0;38;2;61;220;116;48;2;28;26;23m▆▆▆[0;48;2;28;26;23m  [0;38;2;12;11;9;48;2;28;26;23m│[0;48;2;28;26;23m [0;38;2;61;220;116;48;2;28;26;23m▆▆▆[0;48;2;28;26;23m  [0;38;2;12;11;9;48;2;28;26;23m│[0;48;2;28;26;23m [0;38;2;61;220;116;48;2;28;26;23m▆▆▆[0;48;2;28;26;23m  [0;38;2;12;11;9;48;2;28;26;23m│[0;48;2;28;26;23m [0;38;2;61;220;116;48;2;28;26;23m▆▆▆[0;48;2;28;26;23m  [0;38;2;12;11;9;48;2;28;26;23m│[0;48;2;28;26;23m [0;38;2;61;220;116;48;2;28;26;23m▆▆▆[0;48;2;28;26;23m  [0;38;2;12;11;9;48;2;28;26;23m│[0;48;2;28;26;23m [0;38;2;61;220;116;48;2;28;26;23m▆▆▆[0;48;2;28;26;23m  [0;38;2;12;11;9;48;2;28;26;23m│[0;48;2;28;26;23m [0;38;2;61;220;116;48;2;28;26;23m▆▆▆[0;48;2;28;26;23m  [0;38;2;12;11;9;48;2;28;26;23m│[0;48;2;28;26;23m [0;38;2;61;220;116;48;2;28;26;23m▆▆▆[0;48;2;28;26;23m  [0;38;2;12;11;9;48;2;28;26;23m│[0;48;2;28;26;23m [0;38;2;61;220;116;48;2;28;26;23m▆▆▆[0;48;2;28;26;23m  [0;38;2;12;11;9;48;2;28;26;23m│[0;48;2;28;26;23m     [0m
[0;48;2;28;26;23m     [0;38;2;255;181;71;48;2;11;10;7m -9.0[0;48;2;28;26;23m [0;38;2;12;11;9;48;2;28;26;23m│[0;38;2;255;181;71;48;2;11;10;7m -7.5[0;48;2;28;26;23m [0;38;2;12;11;9;48;2;28;26;23m│[0;38;2;255;181;71;48;2;11;10;7m-11.0[0;48;2;28;26;23m [0;38;2;12;11;9;48;2;28;26;23m│[0;38;2;255;181;71;48;2;11;10;7m-15.0[0;48;2;28;26;23m [0;38;2;12;11;9;48;2;28;26;23m│[0;38;2;255;181;71;48;2;11;10;7m-19.0[0;48;2;28;26;23m [0;38;2;12;11;9;48;2;28;26;23m│[0;38;2;255;181;71;48;2;11;10;7m-17.0[0;48;2;28;26;23m [0;38;2;12;11;9;48;2;28;26;23m│[0;38;2;255;181;71;48;2;11;10;7m-22.0[0;48;2;28;26;23m [0;38;2;12;11;9;48;2;28;26;23m│[0;38;2;255;181;71;48;2;11;10;7m-26.0[0;48;2;28;26;23m [0;38;2;12;11;9;48;2;28;26;23m│[0;38;2;255;181;71;48;2;11;10;7m-29.0[0;48;2;28;26;23m [0;38;2;12;11;9;48;2;28;26;23m│[0;38;2;255;181;71;48;2;11;10;7m-37.0[0;48;2;28;26;23m [0;38;2;12;11;9;48;2;28;26;23m│[0;48;2;28;26;23m     [0m
[0;48;2;28;26;23m        [0;38;2;59;54;46;48;2;28;26;23m│[0;48;2;28;26;23m  [0;38;2;12;11;9;48;2;28;26;23m│[0;48;2;28;26;23m   [0;38;2;59;54;46;48;2;28;26;23m│[0;48;2;28;26;23m  [0;38;2;12;11;9;48;2;28;26;23m│[0;48;2;28;26;23m   [0;38;2;59;54;46;48;2;28;26;23m│[0;48;2;28;26;23m  [0;38;2;12;11;9;48;2;28;26;23m│[0;48;2;28;26;23m   [0;38;2;59;54;46;48;2;28;26;23m│[0;48;2;28;26;23m  [0;38;2;12;11;9;48;2;28;26;23m│[0;48;2;28;26;23m   [0;38;2;59;54;46;48;2;28;26;23m│[0;48;2;28;26;23m  [0;38;2;12;11;9;48;2;28;26;23m│[0;48;2;28;26;23m   [0;38;2;59;54;46;48;2;28;26;23m│[0;48;2;28;26;23m  [0;38;2;12;11;9;48;2;28;26;23m│[0;48;2;28;26;23m   [0;38;2;59;54;46;48;2;28;26;23m│[0;48;2;28;26;23m  [0;38;2;12;11;9;48;2;28;26;23m│[0;48;2;28;26;23m   [0;38;2;59;54;46;48;2;28;26;23m│[0;48;2;28;26;23m  [0;38;2;12;11;9;48;2;28;26;23m│[0;48;2;28;26;23m   [0;38;2;59;54;46;48;2;28;26;23m│[0;48;2;28;26;23m  [0;38;2;12;11;9;48;2;28;26;23m│[0;48;2;28;26;23m   [0;38;2;59;54;46;48;2;28;26;23m│[0;48;2;28;26;23m  [0;38;2;12;11;9;48;2;28;26;23m│[0;48;2;28;26;23m     [0m
[0;48;2;28;26;23m      [0;38;2;216;209;194;48;2;28;26;23m▐███▌[0;38;2;12;11;9;48;2;28;26;23m│[0;48;2;28;26;23m [0;38;2;216;209;194;48;2;28;26;23m▐███▌[0;38;2;12;11;9;48;2;28;26;23m│[0;48;2;28;26;23m [0;38;2;216;209;194;48;2;28;26;23m▐███▌[0;38;2;12;11;9;48;2;28;26;23m│[0;48;2;28;26;23m   [0;38;2;59;54;46;48;2;28;26;23m│[0;48;2;28;26;23m  [0;38;2;12;11;9;48;2;28;26;23m│[0;48;2;28;26;23m   [0;38;2;59;54;46;48;2;28;26;23m│[0;48;2;28;26;23m  [0;38;2;12;11;9;48;2;28;26;23m│[0;48;2;28;26;23m   [0;38;2;59;54;46;48;2;28;26;23m│[0;48;2;28;26;23m  [0;38;2;12;11;9;48;2;28;26;23m│[0;48;2;28;26;23m   [0;38;2;59;54;46;48;2;28;26;23m│[0;48;2;28;26;23m  [0;38;2;12;11;9;48;2;28;26;23m│[0;48;2;28;26;23m   [0;38;2;59;54;46;48;2;28;26;23m│[0;48;2;28;26;23m  [0;38;2;12;11;9;48;2;28;26;23m│[0;48;2;28;26;23m [0;38;2;216;209;194;48;2;28;26;23m▐███▌[0;38;2;12;11;9;48;2;28;26;23m│[0;48;2;28;26;23m   [0;38;2;59;54;46;48;2;28;26;23m│[0;48;2;28;26;23m  [0;38;2;12;11;9;48;2;28;26;23m│[0;48;2;28;26;23m     [0m
[0;48;2;28;26;23m      [0;38;2;126;117;100;48;2;28;26;23m╶─[0;38;2;134;224;166;48;2;28;26;23m┃[0;38;2;126;117;100;48;2;28;26;23m─╴[0;38;2;12;11;9;48;2;28;26;23m│[0;48;2;28;26;23m [0;38;2;126;117;100;48;2;28;26;23m╶─[0;38;2;134;224;166;48;2;28;26;23m┃[0;38;2;126;117;100;48;2;28;26;23m─╴[0;38;2;12;11;9;48;2;28;26;23m│[0;48;2;28;26;23m [0;38;2;126;117;100;48;2;28;26;23m╶─[0;38;2;134;224;166;48;2;28;26;23m┃[0;38;2;126;117;100;48;2;28;26;23m─╴[0;38;2;12;11;9;48;2;28;26;23m│[0;48;2;28;26;23m [0;38;2;216;209;194;48;2;28;26;23m▐███▌[0;38;2;12;11;9;48;2;28;26;23m│[0;48;2;28;26;23m [0;38;2;216;209;194;48;2;28;26;23m▐███▌[0;38;2;12;11;9;48;2;28;26;23m│[0;48;2;28;26;23m [0;38;2;126;117;100;48;2;28;26;23m╶─[0;38;2;245;140;195;48;2;28;26;23m┃[0;38;2;126;117;100;48;2;28;26;23m─╴[0;38;2;12;11;9;48;2;28;26;23m│[0;48;2;28;26;23m [0;38;2;216;209;194;48;2;28;26;23m▐███▌[0;38;2;12;11;9;48;2;28;26;23m│[0;48;2;28;26;23m [0;38;2;216;209;194;48;2;28;26;23m▐███▌[0;38;2;12;11;9;48;2;28;26;23m│[0;48;2;28;26;23m [0;38;2;126;117;100;48;2;28;26;23m╶─[0;38;2;134;224;166;48;2;28;26;23m┃[0;38;2;126;117;100;48;2;28;26;23m─╴[0;38;2;12;11;9;48;2;28;26;23m│[0;48;2;28;26;23m [0;38;2;216;209;194;48;2;28;26;23m▐███▌[0;38;2;12;11;9;48;2;28;26;23m│[0;48;2;28;26;23m     [0m
[0;48;2;28;26;23m        [0;38;2;59;54;46;48;2;28;26;23m│[0;48;2;28;26;23m  [0;38;2;12;11;9;48;2;28;26;23m│[0;48;2;28;26;23m   [0;38;2;59;54;46;48;2;28;26;23m│[0;48;2;28;26;23m  [0;38;2;12;11;9;48;2;28;26;23m│[0;48;2;28;26;23m   [0;38;2;59;54;46;48;2;28;26;23m│[0;48;2;28;26;23m  [0;38;2;12;11;9;48;2;28;26;23m│[0;48;2;28;26;23m   [0;38;2;59;54;46;48;2;28;26;23m│[0;48;2;28;26;23m  [0;38;2;12;11;9;48;2;28;26;23m│[0;48;2;28;26;23m   [0;38;2;59;54;46;48;2;28;26;23m│[0;48;2;28;26;23m  [0;38;2;12;11;9;48;2;28;26;23m│[0;48;2;28;26;23m [0;38;2;216;209;194;48;2;28;26;23m▐███▌[0;38;2;12;11;9;48;2;28;26;23m│[0;48;2;28;26;23m   [0;38;2;59;54;46;48;2;28;26;23m│[0;48;2;28;26;23m  [0;38;2;12;11;9;48;2;28;26;23m│[0;48;2;28;26;23m   [0;38;2;59;54;46;48;2;28;26;23m│[0;48;2;28;26;23m  [0;38;2;12;11;9;48;2;28;26;23m│[0;48;2;28;26;23m   [0;38;2;59;54;46;48;2;28;26;23m│[0;48;2;28;26;23m  [0;38;2;12;11;9;48;2;28;26;23m│[0;48;2;28;26;23m   [0;38;2;59;54;46;48;2;28;26;23m│[0;48;2;28;26;23m  [0;38;2;12;11;9;48;2;28;26;23m│[0;48;2;28;26;23m     [0m
[0;48;2;28;26;23m        [0;38;2;59;54;46;48;2;28;26;23m│[0;48;2;28;26;23m  [0;38;2;12;11;9;48;2;28;26;23m│[0;48;2;28;26;23m   [0;38;2;59;54;46;48;2;28;26;23m│[0;48;2;28;26;23m  [0;38;2;12;11;9;48;2;28;26;23m│[0;48;2;28;26;23m   [0;38;2;59;54;46;48;2;28;26;23m│[0;48;2;28;26;23m  [0;38;2;12;11;9;48;2;28;26;23m│[0;48;2;28;26;23m   [0;38;2;59;54;46;48;2;28;26;23m│[0;48;2;28;26;23m  [0;38;2;12;11;9;48;2;28;26;23m│[0;48;2;28;26;23m   [0;38;2;59;54;46;48;2;28;26;23m│[0;48;2;28;26;23m  [0;38;2;12;11;9;48;2;28;26;23m│[0;48;2;28;26;23m   [0;38;2;59;54;46;48;2;28;26;23m│[0;48;2;28;26;23m  [0;38;2;12;11;9;48;2;28;26;23m│[0;48;2;28;26;23m   [0;38;2;59;54;46;48;2;28;26;23m│[0;48;2;28;26;23m  [0;38;2;12;11;9;48;2;28;26;23m│[0;48;2;28;26;23m   [0;38;2;59;54;46;48;2;28;26;23m│[0;48;2;28;26;23m  [0;38;2;12;11;9;48;2;28;26;23m│[0;48;2;28;26;23m   [0;38;2;59;54;46;48;2;28;26;23m│[0;48;2;28;26;23m  [0;38;2;12;11;9;48;2;28;26;23m│[0;48;2;28;26;23m   [0;38;2;59;54;46;48;2;28;26;23m│[0;48;2;28;26;23m  [0;38;2;12;11;9;48;2;28;26;23m│[0;48;2;28;26;23m     [0m
[0;48;2;28;26;23m      [0;1;38;2;134;224;166;48;2;28;26;23m+4.8[0;48;2;28;26;23m [0;38;2;12;11;9;48;2;28;26;23m│[0;48;2;28;26;23m [0;1;38;2;134;224;166;48;2;28;26;23m+4.0[0;48;2;28;26;23m [0;38;2;12;11;9;48;2;28;26;23m│[0;48;2;28;26;23m [0;1;38;2;134;224;166;48;2;28;26;23m+4.2[0;48;2;28;26;23m [0;38;2;12;11;9;48;2;28;26;23m│[0;48;2;28;26;23m [0;1;38;2;134;224;166;48;2;28;26;23m+2.3[0;48;2;28;26;23m [0;38;2;12;11;9;48;2;28;26;23m│[0;48;2;28;26;23m  [0;1;38;2;126;117;100;48;2;28;26;23m0.0[0;48;2;28;26;23m [0;38;2;12;11;9;48;2;28;26;23m│[0;48;2;28;26;23m [0;1;38;2;245;140;195;48;2;28;26;23m-3.1[0;48;2;28;26;23m [0;38;2;12;11;9;48;2;28;26;23m│[0;48;2;28;26;23m  [0;1;38;2;126;117;100;48;2;28;26;23m0.0[0;48;2;28;26;23m [0;38;2;12;11;9;48;2;28;26;23m│[0;48;2;28;26;23m  [0;1;38;2;126;117;100;48;2;28;26;23m0.0[0;48;2;28;26;23m [0;38;2;12;11;9;48;2;28;26;23m│[0;48;2;28;26;23m [0;1;38;2;134;224;166;48;2;28;26;23m+3.1[0;48;2;28;26;23m [0;38;2;12;11;9;48;2;28;26;23m│[0;48;2;28;26;23m [0;1;38;2;134;224;166;48;2;28;26;23m+2.4[0;48;2;28;26;23m [0;38;2;12;11;9;48;2;28;26;23m│[0;48;2;28;26;23m     [0m
[0;48;2;28;26;23m                                                                                [0m
[0;48;2;28;26;23m                                                                                [0m
[0;1;38;2;244;236;216;48;2;52;48;42m 1…0 [0;38;2;126;117;100;48;2;28;26;23m band  [0;1;38;2;244;236;216;48;2;52;48;42m ⇧ [0;38;2;126;117;100;48;2;28;26;23m down  [0;1;38;2;244;236;216;48;2;52;48;42m z [0;38;2;126;117;100;48;2;28;26;23m zones off  [0;1;38;2;244;236;216;48;2;52;48;42m i [0;38;2;126;117;100;48;2;28;26;23m instruments  [0;1;38;2;244;236;216;48;2;52;48;42m ? [0;38;2;126;117;100;48;2;28;26;23m keys  [0;1;38;2;244;236;216;48;2;52;48;42m q [0;38;2;126;117;100;48;2;28;26;23m quit[0;48;2;28;26;23m        [0m
