[0;48;2;35;32;28m [0;38;2;126;117;100;48;2;35;32;28mDEVICE [0;1;38;2;244;236;216;48;2;35;32;28mBE-RCA[0;48;2;35;32;28m   [0;38;2;126;117;100;48;2;35;32;28mRATE [0;1;38;2;236;227;207;48;2;35;32;28m44.1k[0;48;2;35;32;28m   [0;38;2;126;117;100;48;2;35;32;28mPRESET [0;1;38;2;244;236;216;48;2;35;32;28mfavourite*[0;48;2;35;32;28m      [0;38;2;58;35;32;48;2;35;32;28m●[0;48;2;35;32;28m [0;38;2;126;117;100;48;2;35;32;28mSOLO[0;48;2;35;32;28m  [0;38;2;58;35;32;48;2;35;32;28m●[0;48;2;35;32;28m [0;38;2;126;117;100;48;2;35;32;28mBYPASS[0;48;2;35;32;28m  [0;38;2;58;35;32;48;2;35;32;28m●[0;48;2;35;32;28m [0;38;2;126;117;100;48;2;35;32;28mLIMIT[0;48;2;35;32;28m  [0m
[0;48;2;28;26;23m [0;4;38;2;240;162;74;48;2;52;48;42mM[0;38;2;185;174;151;48;2;52;48;42mETER[0;48;2;28;26;23m [0;4;38;2;240;162;74;48;2;52;48;42mT[0;38;2;185;174;151;48;2;52;48;42mUNE[0;48;2;28;26;23m [0;4;38;2;240;162;74;48;2;52;48;42mI[0;38;2;185;174;151;48;2;52;48;42mNSTRUMENTS[0;48;2;28;26;23m [0;4;38;2;240;162;74;48;2;52;48;42mP[0;38;2;185;174;151;48;2;52;48;42mRESETS[0;48;2;28;26;23m [0;4;38;2;240;162;74;48;2;52;48;42mD[0;38;2;185;174;151;48;2;52;48;42mEVICES[0;48;2;28;26;23m [0;1;38;2;22;20;15;48;2;240;162;74m FILTERS [0;48;2;28;26;23m [0;4;38;2;240;162;74;48;2;52;48;42mA[0;38;2;185;174;151;48;2;52;48;42mPPS[0;48;2;28;26;23m [0;4;38;2;240;162;74;48;2;52;48;42mS[0;38;2;185;174;151;48;2;52;48;42mYSTEM[0;48;2;28;26;23m [0;4;38;2;240;162;74;48;2;52;48;42mH[0;38;2;185;174;151;48;2;52;48;42mISTORY[0;48;2;28;26;23m [0;4;38;2;240;162;74;48;2;52;48;42mE[0;38;2;185;174;151;48;2;52;48;42mVENTS[0;48;2;28;26;23m    [0m
[0;48;2;28;26;23m [0;38;2;107;98;84;48;2;28;26;23m╭─[0;1;38;2;185;174;151;48;2;28;26;23m FILTERS · BE-RCA [0;38;2;107;98;84;48;2;28;26;23m────────────────────[0;38;2;126;117;100;48;2;28;26;23m 4 of 32 · imported: AutoEq · HD 600 [0;38;2;107;98;84;48;2;28;26;23m╮[0;48;2;28;26;23m [0m
[0;48;2;28;26;23m [0;38;2;107;98;84;48;2;28;26;23m│[0;48;2;28;26;23m  [0;38;2;126;117;100;48;2;28;26;23m#[0;48;2;28;26;23m   [0;38;2;126;117;100;48;2;28;26;23mTYPE[0;48;2;28;26;23m       [0;38;2;126;117;100;48;2;28;26;23mFREQUENCY[0;48;2;28;26;23m   [0;38;2;126;117;100;48;2;28;26;23mGAIN[0;48;2;28;26;23m      [0;38;2;126;117;100;48;2;28;26;23mQ[0;48;2;28;26;23m      [0;38;2;126;117;100;48;2;28;26;23mSOURCE[0;48;2;28;26;23m                        [0;38;2;107;98;84;48;2;28;26;23m│[0;48;2;28;26;23m [0m
[0;48;2;28;26;23m [0;38;2;107;98;84;48;2;28;26;23m│[0;48;2;28;26;23m  [0;38;2;126;117;100;48;2;28;26;23m 1[0;48;2;28;26;23m  [0;38;2;240;162;74;48;2;28;26;23mlowshelf[0;48;2;28;26;23m   [0;1;38;2;244;236;216;48;2;28;26;23m   105 Hz[0;48;2;28;26;23m  [0;38;2;134;224;166;48;2;28;26;23m +4.0 dB[0;48;2;28;26;23m  [0;38;2;185;174;151;48;2;28;26;23m 0.70[0;48;2;28;26;23m   [0;38;2;240;162;74;48;2;28;26;23mimport[0;48;2;28;26;23m                        [0;38;2;107;98;84;48;2;28;26;23m│[0;48;2;28;26;23m [0m
[0;48;2;28;26;23m [0;38;2;107;98;84;48;2;28;26;23m│[0;48;2;28;26;23m  [0;38;2;126;117;100;48;2;28;26;23m 2[0;48;2;28;26;23m  [0;38;2;240;162;74;48;2;28;26;23mpeak[0;48;2;28;26;23m       [0;1;38;2;244;236;216;48;2;28;26;23m  2.1 kHz[0;48;2;28;26;23m  [0;38;2;245;140;195;48;2;28;26;23m -3.2 dB[0;48;2;28;26;23m  [0;38;2;185;174;151;48;2;28;26;23m 1.80[0;48;2;28;26;23m   [0;38;2;240;162;74;48;2;28;26;23mimport[0;48;2;28;26;23m                        [0;38;2;107;98;84;48;2;28;26;23m│[0;48;2;28;26;23m [0m
[0;48;2;28;26;23m [0;38;2;107;98;84;48;2;28;26;23m│[0;48;2;28;26;23m  [0;38;2;126;117;100;48;2;28;26;23m 3[0;48;2;28;26;23m  [0;38;2;240;162;74;48;2;28;26;23mhighshelf[0;48;2;28;26;23m  [0;1;38;2;244;236;216;48;2;28;26;23m   10 kHz[0;48;2;28;26;23m  [0;38;2;134;224;166;48;2;28;26;23m +2.0 dB[0;48;2;28;26;23m  [0;38;2;185;174;151;48;2;28;26;23m 0.70[0;48;2;28;26;23m   [0;38;2;240;162;74;48;2;28;26;23mimport[0;48;2;28;26;23m                        [0;38;2;107;98;84;48;2;28;26;23m│[0;48;2;28;26;23m [0m
[0;48;2;28;26;23m [0;38;2;107;98;84;48;2;28;26;23m│[0;48;2;28;26;23m  [0;38;2;126;117;100;48;2;28;26;23m 4[0;48;2;28;26;23m  [0;38;2;240;162;74;48;2;28;26;23mpeak[0;48;2;28;26;23m       [0;1;38;2;244;236;216;48;2;28;26;23m    3 kHz[0;48;2;28;26;23m  [0;38;2;245;140;195;48;2;28;26;23m -2.0 dB[0;48;2;28;26;23m  [0;38;2;185;174;151;48;2;28;26;23m 1.41[0;48;2;28;26;23m   [0;38;2;134;224;166;48;2;28;26;23mhand[0;48;2;28;26;23m                          [0;38;2;107;98;84;48;2;28;26;23m│[0;48;2;28;26;23m [0m
[0;48;2;28;26;23m [0;38;2;107;98;84;48;2;28;26;23m│[0;1;38;2;240;162;74;48;2;58;50;38m▸[0;48;2;58;50;38m [0;1;38;2;240;162;74;48;2;58;50;38m +[0;48;2;58;50;38m  [0;38;2;240;162;74;48;2;58;50;38mpeak[0;48;2;58;50;38m      [0;1;38;2;22;20;15;48;2;240;162;74m    250 Hz [0;48;2;58;50;38m [0;38;2;245;140;195;48;2;58;50;38m -2.5 dB[0;48;2;58;50;38m  [0;38;2;185;174;151;48;2;58;50;38m 1.41[0;48;2;58;50;38m   [0;38;2;240;162;74;48;2;58;50;38mnew[0;48;2;58;50;38m                           [0;38;2;107;98;84;48;2;28;26;23m│[0;48;2;28;26;23m [0m
[0;48;2;28;26;23m [0;38;2;107;98;84;48;2;28;26;23m╰────────────────────────────────────────────────────────────────────────────╯[0;48;2;28;26;23m [0m
[0;48;2;28;26;23m [0;38;2;58;53;45;48;2;28;26;23m╭─[0;1;38;2;185;174;151;48;2;28;26;23m RESPONSE [0;38;2;58;53;45;48;2;28;26;23m──────────────────────────[0;38;2;126;117;100;48;2;28;26;23m filters combined · the chosen one lit [0;38;2;58;53;45;48;2;28;26;23m╮[0;48;2;28;26;23m [0m
[0;48;2;28;26;23m [0;38;2;58;53;45;48;2;28;26;23m│[0;48;2;11;44;99m [0;38;2;97;153;200;48;2;11;44;99m+12[0;48;2;11;44;99m                                                                        [0;38;2;58;53;45;48;2;28;26;23m│[0;48;2;28;26;23m [0m
[0;48;2;28;26;23m [0;38;2;58;53;45;48;2;28;26;23m│[0;48;2;11;44;99m                                                                            [0;38;2;58;53;45;48;2;28;26;23m│[0;48;2;28;26;23m [0m
[0;48;2;28;26;23m [0;38;2;58;53;45;48;2;28;26;23m│[0;48;2;11;44;99m                                                                            [0;38;2;58;53;45;48;2;28;26;23m│[0;48;2;28;26;23m [0m
[0;48;2;28;26;23m [0;38;2;58;53;45;48;2;28;26;23m│[0;48;2;11;44;99m     [0;38;2;143;211;255;48;2;11;44;99m⠉⠉⠉⠉⠉⠉⠉⠉⠉⠉⠒⠒⠢⠤⢄[0;1;38;2;251;248;239;48;2;11;44;99m●[0;48;2;11;44;99m                                               [0;38;2;143;211;255;48;2;11;44;99m⣀⣀⣀⣀⣀⣀[0;48;2;11;44;99m  [0;38;2;58;53;45;48;2;28;26;23m│[0;48;2;28;26;23m [0m
[0;48;2;28;26;23m [0;38;2;58;53;45;48;2;28;26;23m│[0;48;2;11;44;99m [0;38;2;97;153;200;48;2;11;44;99m  0[0;48;2;11;44;99m [0;1;38;2;240;162;74;48;2;11;44;99m⠤⠤⠤⠤⠤⠤⠤⠤⠤⠤⠤⠤⠤⠤⠤⠤⠤⠤⢄⣀⣀[0;38;2;143;211;255;48;2;11;44;99m⡀[0;38;2;97;153;200;48;2;11;44;99m┈┈┈┈┈[0;1;38;2;240;162;74;48;2;11;44;99m⣀⣀⡠⠤⠤⠤⠤⠤⠤⠤⠤⠤⠤⠤⠤⠤⠤⠤⠤⠤⠤⠤⠤⠤⠤⠤⠤⠤⠤⠤⠤⠤⠤⠤[0;1;38;2;251;248;239;48;2;11;44;99m●[0;1;38;2;240;162;74;48;2;11;44;99m⠤⠤⠤⠤⠤⠤⠤[0;38;2;97;153;200;48;2;11;44;99m┈[0;48;2;11;44;99m [0;38;2;58;53;45;48;2;28;26;23m│[0;48;2;28;26;23m [0m
[0;48;2;28;26;23m [0;38;2;58;53;45;48;2;28;26;23m│[0;48;2;11;44;99m                          [0;1;38;2;240;162;74;48;2;11;44;99m⠉⠑⠒◉⠊⠉[0;48;2;11;44;99m              [0;38;2;143;211;255;48;2;11;44;99m⠈⠉⠢⢄[0;1;38;2;251;248;239;48;2;11;44;99m●[0;38;2;143;211;255;48;2;11;44;99m⢀⣀⡠[0;1;38;2;251;248;239;48;2;11;44;99m●[0;38;2;143;211;255;48;2;11;44;99m⠒⠉⠁[0;48;2;11;44;99m                  [0;38;2;58;53;45;48;2;28;26;23m│[0;48;2;28;26;23m [0m
[0;48;2;28;26;23m [0;38;2;58;53;45;48;2;28;26;23m│[0;48;2;11;44;99m                                                  [0;38;2;143;211;255;48;2;11;44;99m⠈⠁[0;48;2;11;44;99m                        [0;38;2;58;53;45;48;2;28;26;23m│[0;48;2;28;26;23m [0m
[0;48;2;28;26;23m [0;38;2;58;53;45;48;2;28;26;23m│[0;48;2;11;44;99m                                                                            [0;38;2;58;53;45;48;2;28;26;23m│[0;48;2;28;26;23m [0m
[0;48;2;28;26;23m [0;38;2;58;53;45;48;2;28;26;23m│[0;48;2;11;44;99m [0;38;2;97;153;200;48;2;11;44;99m-12[0;48;2;11;44;99m                                                                        [0;38;2;58;53;45;48;2;28;26;23m│[0;48;2;28;26;23m [0m
[0;48;2;28;26;23m [0;38;2;58;53;45;48;2;28;26;23m│[0;48;2;28;26;23m       [0;38;2;126;117;100;48;2;28;26;23m32[0;48;2;28;26;23m     [0;38;2;126;117;100;48;2;28;26;23m64[0;48;2;28;26;23m     [0;38;2;126;117;100;48;2;28;26;23m125[0;48;2;28;26;23m    [0;38;2;126;117;100;48;2;28;26;23m250[0;48;2;28;26;23m    [0;38;2;126;117;100;48;2;28;26;23m500[0;48;2;28;26;23m    [0;38;2;126;117;100;48;2;28;26;23m1k[0;48;2;28;26;23m     [0;38;2;126;117;100;48;2;28;26;23m2k[0;48;2;28;26;23m     [0;38;2;126;117;100;48;2;28;26;23m4k[0;48;2;28;26;23m     [0;38;2;126;117;100;48;2;28;26;23m8k[0;48;2;28;26;23m     [0;38;2;126;117;100;48;2;28;26;23m16k[0;48;2;28;26;23m   [0;38;2;58;53;45;48;2;28;26;23m│[0;48;2;28;26;23m [0m
[0;48;2;28;26;23m [0;38;2;58;53;45;48;2;28;26;23m╰────────────────────────────────────────────────────────────────────────────╯[0;48;2;28;26;23m [0m
[0;48;2;28;26;23m [0;38;2;185;174;151;48;2;28;26;23mnew filter · frequency — ↑↓ a sixth of an octave, ⇧↑↓ an octave, Alt↑↓ a 24th[0;48;2;28;26;23m  [0m
[0;1;38;2;244;236;216;48;2;52;48;42m ← → [0;38;2;126;117;100;48;2;28;26;23m field  [0;1;38;2;244;236;216;48;2;52;48;42m ↑ ↓ [0;38;2;126;117;100;48;2;28;26;23m change  [0;1;38;2;244;236;216;48;2;52;48;42m = [0;38;2;126;117;100;48;2;28;26;23m type  [0;1;38;2;244;236;216;48;2;52;48;42m Enter [0;38;2;126;117;100;48;2;28;26;23m add  [0;1;38;2;244;236;216;48;2;52;48;42m Esc [0;38;2;126;117;100;48;2;28;26;23m cancel[0;48;2;28;26;23m                  [0m
