[0;48;2;35;32;28m [0;38;2;126;117;100;48;2;35;32;28mDEVICE [0;1;38;2;244;236;216;48;2;35;32;28mBE-RCA[0;48;2;35;32;28m   [0;38;2;126;117;100;48;2;35;32;28mRATE [0;1;38;2;236;227;207;48;2;35;32;28m44.1k[0;48;2;35;32;28m   [0;38;2;126;117;100;48;2;35;32;28mPRESET [0;1;38;2;244;236;216;48;2;35;32;28mfavourite*[0;48;2;35;32;28m      [0;38;2;58;35;32;48;2;35;32;28m●[0;48;2;35;32;28m [0;38;2;126;117;100;48;2;35;32;28mSOLO[0;48;2;35;32;28m  [0;38;2;58;35;32;48;2;35;32;28m●[0;48;2;35;32;28m [0;38;2;126;117;100;48;2;35;32;28mBYPASS[0;48;2;35;32;28m  [0;38;2;58;35;32;48;2;35;32;28m●[0;48;2;35;32;28m [0;38;2;126;117;100;48;2;35;32;28mLIMIT[0;48;2;35;32;28m  [0m
[0;48;2;28;26;23m [0;4;38;2;240;162;74;48;2;52;48;42mM[0;38;2;185;174;151;48;2;52;48;42mETER[0;48;2;28;26;23m [0;4;38;2;240;162;74;48;2;52;48;42mT[0;38;2;185;174;151;48;2;52;48;42mUNE[0;48;2;28;26;23m [0;4;38;2;240;162;74;48;2;52;48;42mI[0;38;2;185;174;151;48;2;52;48;42mNSTRUMENTS[0;48;2;28;26;23m [0;4;38;2;240;162;74;48;2;52;48;42mP[0;38;2;185;174;151;48;2;52;48;42mRESETS[0;48;2;28;26;23m [0;4;38;2;240;162;74;48;2;52;48;42mD[0;38;2;185;174;151;48;2;52;48;42mEVICES[0;48;2;28;26;23m [0;4;38;2;240;162;74;48;2;52;48;42mF[0;38;2;185;174;151;48;2;52;48;42mILTERS[0;48;2;28;26;23m [0;4;38;2;240;162;74;48;2;52;48;42mA[0;38;2;185;174;151;48;2;52;48;42mPPS[0;48;2;28;26;23m [0;4;38;2;240;162;74;48;2;52;48;42mS[0;38;2;185;174;151;48;2;52;48;42mYSTEM[0;48;2;28;26;23m [0;1;38;2;22;20;15;48;2;240;162;74m HISTORY [0;48;2;28;26;23m [0;4;38;2;240;162;74;48;2;52;48;42mE[0;38;2;185;174;151;48;2;52;48;42mVENTS[0;48;2;28;26;23m    [0m
[0;48;2;28;26;23m [0;38;2;107;98;84;48;2;28;26;23m╭─[0;1;38;2;185;174;151;48;2;28;26;23m HISTORY · BE-RCA [0;38;2;107;98;84;48;2;28;26;23m──────────────╮[0;48;2;28;26;23m [0;38;2;58;53;45;48;2;28;26;23m╭─[0;1;38;2;185;174;151;48;2;28;26;23m VERSION 2 · 09-30 09:12:12 [0;38;2;58;53;45;48;2;28;26;23m─────[0;38;2;126;117;100;48;2;28;26;23m live [0;38;2;58;53;45;48;2;28;26;23m╮[0;48;2;28;26;23m [0m
[0;48;2;28;26;23m [0;38;2;107;98;84;48;2;28;26;23m│[0;48;2;28;26;23m    [0;38;2;126;117;100;48;2;28;26;23m#[0;48;2;28;26;23m  [0;38;2;126;117;100;48;2;28;26;23mSAVED[0;48;2;28;26;23m       [0;38;2;126;117;100;48;2;28;26;23mCURVE[0;48;2;28;26;23m         [0;38;2;107;98;84;48;2;28;26;23m│[0;48;2;28;26;23m [0;38;2;58;53;45;48;2;28;26;23m│[0;48;2;11;44;99m [0;38;2;97;153;200;48;2;11;44;99m+12[0;48;2;11;44;99m [0;38;2;143;211;255;48;2;11;44;99m⡠⢄⡀[0;48;2;11;44;99m [0;38;2;143;211;255;48;2;11;44;99m⣀⡀[0;48;2;11;44;99m                             [0;38;2;58;53;45;48;2;28;26;23m│[0;48;2;28;26;23m [0m
[0;48;2;28;26;23m [0;38;2;107;98;84;48;2;28;26;23m│[0;48;2;28;26;23m    [0;38;2;126;117;100;48;2;28;26;23m 0[0;48;2;28;26;23m [0;38;2;185;174;151;48;2;28;26;23m09-30 09:41[0;48;2;28;26;23m [0;38;2;134;224;166;48;2;28;26;23m▆▆▆▅[0;38;2;42;38;33;48;2;28;26;23m▅[0;38;2;245;140;195;48;2;28;26;23m▄[0;38;2;42;38;33;48;2;28;26;23m▅▅[0;38;2;134;224;166;48;2;28;26;23m▆▅[0;48;2;28;26;23m    [0;38;2;107;98;84;48;2;28;26;23m│[0;48;2;28;26;23m [0;38;2;58;53;45;48;2;28;26;23m│[0;48;2;11;44;99m       [0;38;2;143;211;255;48;2;11;44;99m⠈⠉[0;48;2;11;44;99m [0;38;2;143;211;255;48;2;11;44;99m⠘⢄⣀[0;48;2;11;44;99m                           [0;38;2;58;53;45;48;2;28;26;23m│[0;48;2;28;26;23m [0m
[0;48;2;28;26;23m [0;38;2;107;98;84;48;2;28;26;23m│[0;48;2;28;26;23m    [0;38;2;126;117;100;48;2;28;26;23m 1[0;48;2;28;26;23m [0;38;2;185;174;151;48;2;28;26;23m09-30 09:40[0;48;2;28;26;23m [0;38;2;134;224;166;48;2;28;26;23m▆▆▆▅[0;38;2;42;38;33;48;2;28;26;23m▅[0;38;2;245;140;195;48;2;28;26;23m▄[0;38;2;42;38;33;48;2;28;26;23m▅▅[0;38;2;134;224;166;48;2;28;26;23m▅▅[0;48;2;28;26;23m    [0;38;2;107;98;84;48;2;28;26;23m│[0;48;2;28;26;23m [0;38;2;58;53;45;48;2;28;26;23m│[0;48;2;11;44;99m             [0;38;2;143;211;255;48;2;11;44;99m⠱⡀[0;48;2;11;44;99m                         [0;38;2;58;53;45;48;2;28;26;23m│[0;48;2;28;26;23m [0m
[0;48;2;28;26;23m [0;38;2;107;98;84;48;2;28;26;23m│[0;1;38;2;240;162;74;48;2;58;50;38m▸[0;48;2;58;50;38m [0;1;38;2;240;162;74;48;2;58;50;38m◉[0;48;2;58;50;38m [0;1;38;2;244;236;216;48;2;58;50;38m 2[0;48;2;58;50;38m [0;38;2;236;227;207;48;2;58;50;38m09-30 09:12[0;48;2;58;50;38m [0;38;2;134;224;166;48;2;58;50;38m▆▆▆▅[0;38;2;42;38;33;48;2;58;50;38m▅[0;38;2;245;140;195;48;2;58;50;38m▄[0;38;2;42;38;33;48;2;58;50;38m▅▅[0;38;2;134;224;166;48;2;58;50;38m▅▅[0;48;2;58;50;38m    [0;38;2;107;98;84;48;2;28;26;23m│[0;48;2;28;26;23m [0;38;2;58;53;45;48;2;28;26;23m│[0;48;2;11;44;99m              [0;38;2;143;211;255;48;2;11;44;99m⠑⠤⢄[0;48;2;11;44;99m               [0;38;2;143;211;255;48;2;11;44;99m⡠⠢⣀⣀⡰⢄[0;48;2;11;44;99m  [0;38;2;58;53;45;48;2;28;26;23m│[0;48;2;28;26;23m [0m
[0;48;2;28;26;23m [0;38;2;107;98;84;48;2;28;26;23m│[0;48;2;28;26;23m    [0;38;2;126;117;100;48;2;28;26;23m 3[0;48;2;28;26;23m [0;38;2;185;174;151;48;2;28;26;23m09-29 22:03[0;48;2;28;26;23m [0;38;2;134;224;166;48;2;28;26;23m▆▆▆▅[0;38;2;42;38;33;48;2;28;26;23m▅[0;38;2;245;140;195;48;2;28;26;23m▄[0;38;2;42;38;33;48;2;28;26;23m▅▅[0;38;2;134;224;166;48;2;28;26;23m▅▅[0;48;2;28;26;23m    [0;38;2;107;98;84;48;2;28;26;23m│[0;48;2;28;26;23m [0;38;2;58;53;45;48;2;28;26;23m│[0;48;2;11;44;99m                 [0;38;2;143;211;255;48;2;11;44;99m⠑⠤⣀[0;48;2;11;44;99m         [0;38;2;143;211;255;48;2;11;44;99m⡠⠒⠊[0;48;2;11;44;99m     [0;38;2;143;211;255;48;2;11;44;99m⠈⠂[0;48;2;11;44;99m [0;38;2;58;53;45;48;2;28;26;23m│[0;48;2;28;26;23m [0m
[0;48;2;28;26;23m [0;38;2;107;98;84;48;2;28;26;23m│[0;48;2;28;26;23m    [0;38;2;126;117;100;48;2;28;26;23m 4[0;48;2;28;26;23m [0;38;2;185;174;151;48;2;28;26;23m09-29 21:58[0;48;2;28;26;23m [0;38;2;134;224;166;48;2;28;26;23m▅▅▅[0;38;2;42;38;33;48;2;28;26;23m▅▅▅▅[0;38;2;134;224;166;48;2;28;26;23m▅▅▅[0;48;2;28;26;23m    [0;38;2;107;98;84;48;2;28;26;23m│[0;48;2;28;26;23m [0;38;2;58;53;45;48;2;28;26;23m│[0;48;2;11;44;99m [0;38;2;97;153;200;48;2;11;44;99m  0[0;48;2;11;44;99m [0;38;2;97;153;200;48;2;11;44;99m┈┈┈┈┈┈┈┈┈┈┈┈┈┈┈[0;38;2;143;211;255;48;2;11;44;99m⠉⠢⡀[0;38;2;97;153;200;48;2;11;44;99m┈[0;38;2;143;211;255;48;2;11;44;99m⢀⣀⡀⢀⠎[0;38;2;97;153;200;48;2;11;44;99m┈┈┈┈┈┈┈┈┈┈[0;48;2;11;44;99m [0;38;2;58;53;45;48;2;28;26;23m│[0;48;2;28;26;23m [0m
[0;48;2;28;26;23m [0;38;2;107;98;84;48;2;28;26;23m│[0;48;2;28;26;23m    [0;38;2;126;117;100;48;2;28;26;23m 5[0;48;2;28;26;23m [0;38;2;185;174;151;48;2;28;26;23m09-29 21:57[0;48;2;28;26;23m [0;38;2;42;38;33;48;2;28;26;23m▅▅▅▅▅▅▅▅▅▅[0;48;2;28;26;23m    [0;38;2;107;98;84;48;2;28;26;23m│[0;48;2;28;26;23m [0;38;2;58;53;45;48;2;28;26;23m│[0;48;2;11;44;99m                      [0;38;2;143;211;255;48;2;11;44;99m⠈⠊⠁[0;48;2;11;44;99m [0;38;2;143;211;255;48;2;11;44;99m⠈⠁[0;48;2;11;44;99m            [0;38;2;58;53;45;48;2;28;26;23m│[0;48;2;28;26;23m [0m
[0;48;2;28;26;23m [0;38;2;107;98;84;48;2;28;26;23m│[0;48;2;28;26;23m    [0;38;2;126;117;100;48;2;28;26;23m 6[0;48;2;28;26;23m [0;38;2;185;174;151;48;2;28;26;23m09-28 18:20[0;48;2;28;26;23m [0;38;2;255;75;62;48;2;28;26;23munreadable[0;48;2;28;26;23m    [0;38;2;107;98;84;48;2;28;26;23m│[0;48;2;28;26;23m [0;38;2;58;53;45;48;2;28;26;23m│[0;48;2;11;44;99m                                        [0;38;2;58;53;45;48;2;28;26;23m│[0;48;2;28;26;23m [0m
[0;48;2;28;26;23m [0;38;2;107;98;84;48;2;28;26;23m│[0;48;2;28;26;23m                                 [0;38;2;107;98;84;48;2;28;26;23m│[0;48;2;28;26;23m [0;38;2;58;53;45;48;2;28;26;23m│[0;48;2;11;44;99m                                        [0;38;2;58;53;45;48;2;28;26;23m│[0;48;2;28;26;23m [0m
[0;48;2;28;26;23m [0;38;2;107;98;84;48;2;28;26;23m│[0;48;2;28;26;23m                                 [0;38;2;107;98;84;48;2;28;26;23m│[0;48;2;28;26;23m [0;38;2;58;53;45;48;2;28;26;23m│[0;48;2;11;44;99m [0;38;2;97;153;200;48;2;11;44;99m-12[0;48;2;11;44;99m                                    [0;38;2;58;53;45;48;2;28;26;23m│[0;48;2;28;26;23m [0m
[0;48;2;28;26;23m [0;38;2;107;98;84;48;2;28;26;23m│[0;48;2;28;26;23m                                 [0;38;2;107;98;84;48;2;28;26;23m│[0;48;2;28;26;23m [0;38;2;58;53;45;48;2;28;26;23m│[0;48;2;28;26;23m     [0;38;2;126;117;100;48;2;28;26;23m32[0;48;2;28;26;23m     [0;38;2;126;117;100;48;2;28;26;23m125[0;48;2;28;26;23m    [0;38;2;126;117;100;48;2;28;26;23m500[0;48;2;28;26;23m    [0;38;2;126;117;100;48;2;28;26;23m2k[0;48;2;28;26;23m    [0;38;2;126;117;100;48;2;28;26;23m8k[0;48;2;28;26;23m      [0;38;2;58;53;45;48;2;28;26;23m│[0;48;2;28;26;23m [0m
[0;48;2;28;26;23m [0;38;2;107;98;84;48;2;28;26;23m│[0;48;2;28;26;23m                                 [0;38;2;107;98;84;48;2;28;26;23m│[0;48;2;28;26;23m [0;38;2;58;53;45;48;2;28;26;23m╰────────────────────────────────────────╯[0;48;2;28;26;23m [0m
[0;48;2;28;26;23m [0;38;2;107;98;84;48;2;28;26;23m│[0;48;2;28;26;23m                                 [0;38;2;107;98;84;48;2;28;26;23m│[0;48;2;28;26;23m [0;38;2;58;53;45;48;2;28;26;23m╭─[0;1;38;2;185;174;151;48;2;28;26;23m LAYERS [0;38;2;58;53;45;48;2;28;26;23m───────────────────────────────╮[0;48;2;28;26;23m [0m
[0;48;2;28;26;23m [0;38;2;107;98;84;48;2;28;26;23m│[0;48;2;28;26;23m                                 [0;38;2;107;98;84;48;2;28;26;23m│[0;48;2;28;26;23m [0;38;2;58;53;45;48;2;28;26;23m│[0;48;2;28;26;23m [0;38;2;126;117;100;48;2;28;26;23mPREAMP[0;48;2;28;26;23m   [0;38;2;245;140;195;48;2;28;26;23m-4.8 dB[0;48;2;28;26;23m                       [0;38;2;58;53;45;48;2;28;26;23m│[0;48;2;28;26;23m [0m
[0;48;2;28;26;23m [0;38;2;107;98;84;48;2;28;26;23m│[0;48;2;28;26;23m                                 [0;38;2;107;98;84;48;2;28;26;23m│[0;48;2;28;26;23m [0;38;2;58;53;45;48;2;28;26;23m│[0;48;2;28;26;23m [0;38;2;126;117;100;48;2;28;26;23mTONE[0;48;2;28;26;23m     [0;38;2;185;174;151;48;2;28;26;23mbass [0;38;2;134;224;166;48;2;28;26;23m+1[0;38;2;185;174;151;48;2;28;26;23m  treble [0;38;2;245;140;195;48;2;28;26;23m-0.5[0;48;2;28;26;23m          [0;38;2;58;53;45;48;2;28;26;23m│[0;48;2;28;26;23m [0m
[0;48;2;28;26;23m [0;38;2;107;98;84;48;2;28;26;23m│[0;48;2;28;26;23m                                 [0;38;2;107;98;84;48;2;28;26;23m│[0;48;2;28;26;23m [0;38;2;58;53;45;48;2;28;26;23m│[0;48;2;28;26;23m [0;38;2;126;117;100;48;2;28;26;23mKNOBS[0;48;2;28;26;23m    [0;38;2;108;182;255;48;2;28;26;23m● [0;38;2;185;174;151;48;2;28;26;23mvoice [0;38;2;134;224;166;48;2;28;26;23m+3[0;48;2;28;26;23m                    [0;38;2;58;53;45;48;2;28;26;23m│[0;48;2;28;26;23m [0m
[0;48;2;28;26;23m [0;38;2;107;98;84;48;2;28;26;23m│[0;48;2;28;26;23m                                 [0;38;2;107;98;84;48;2;28;26;23m│[0;48;2;28;26;23m [0;38;2;58;53;45;48;2;28;26;23m│[0;48;2;28;26;23m [0;38;2;126;117;100;48;2;28;26;23mDYNAMICS[0;48;2;28;26;23m [0;38;2;240;162;74;48;2;28;26;23mnight[0;38;2;185;174;151;48;2;28;26;23m comp[0;38;2;240;162;74;48;2;28;26;23m  tape[0;38;2;185;174;151;48;2;28;26;23m 0.3[0;48;2;28;26;23m          [0;38;2;58;53;45;48;2;28;26;23m│[0;48;2;28;26;23m [0m
[0;48;2;28;26;23m [0;38;2;107;98;84;48;2;28;26;23m│[0;48;2;28;26;23m                                 [0;38;2;107;98;84;48;2;28;26;23m│[0;48;2;28;26;23m [0;38;2;58;53;45;48;2;28;26;23m│[0;48;2;28;26;23m [0;38;2;126;117;100;48;2;28;26;23mFILTERS[0;48;2;28;26;23m  [0;38;2;236;227;207;48;2;28;26;23m4[0;38;2;126;117;100;48;2;28;26;23m · AutoEq · HD 600[0;48;2;28;26;23m           [0;38;2;58;53;45;48;2;28;26;23m│[0;48;2;28;26;23m [0m
[0;48;2;28;26;23m [0;38;2;107;98;84;48;2;28;26;23m╰─────────────────────────────────╯[0;48;2;28;26;23m [0;38;2;58;53;45;48;2;28;26;23m╰────────────────────────────────────────╯[0;48;2;28;26;23m [0m
[0;48;2;28;26;23m                                                                                [0m
[0;1;38;2;244;236;216;48;2;52;48;42m ↑↓ [0;38;2;126;117;100;48;2;28;26;23m move  [0;1;38;2;244;236;216;48;2;52;48;42m Enter [0;38;2;126;117;100;48;2;28;26;23m restore  [0;1;38;2;244;236;216;48;2;52;48;42m ← → [0;38;2;126;117;100;48;2;28;26;23m undo/redo  [0;1;38;2;244;236;216;48;2;52;48;42m Esc [0;38;2;126;117;100;48;2;28;26;23m back  [0;1;38;2;244;236;216;48;2;52;48;42m ? [0;38;2;126;117;100;48;2;28;26;23m keys  [0;1;38;2;244;236;216;48;2;52;48;42m q [0;38;2;126;117;100;48;2;28;26;23m quit[0;48;2;28;26;23m     [0m
