[0;38;2;138;168;255;48;2;57;66;90m ◉ [0;1;38;2;238;241;246;48;2;57;66;90mBE-RCA [0;38;2;74;83;104;48;2;27;30;37m [0;38;2;162;171;188;48;2;27;30;37m44.1 kHz[0;38;2;74;83;104;48;2;27;30;37m │ [0;38;2;124;133;154;48;2;27;30;37mpreamp [0;38;2;242;127;188;48;2;27;30;37m-4.8[0;38;2;124;133;154;48;2;27;30;37m dB[0;38;2;74;83;104;48;2;27;30;37m │ [0;38;2;138;168;255;48;2;27;30;37m◆ [0;1;38;2;221;226;234;48;2;27;30;37mfavourite[0;1;38;2;242;193;78;48;2;27;30;37m*[0;38;2;74;83;104;48;2;27;30;37m │ [0;38;2;108;182;255;48;2;27;30;37m● [0;38;2;221;226;234;48;2;27;30;37mvoice [0;38;2;99;217;158;48;2;27;30;37m+3.0[0;38;2;74;83;104;48;2;27;30;37m │ [0;38;2;124;133;154;48;2;27;30;37mbass [0;38;2;99;217;158;48;2;27;30;37m+1[0;38;2;124;133;154;48;2;27;30;37m treble [0;38;2;242;127;188;48;2;27;30;37m-0.5[0;48;2;27;30;37m                  [0;38;2;124;133;154;48;2;27;30;37m peak [0;38;2;242;163;58;48;2;27;30;37m-6.0[0;38;2;124;133;154;48;2;27;30;37m dB [0m
  [0;4;38;2;138;168;255mM[0;38;2;124;133;154meter [0m  [0;4;38;2;138;168;255mI[0;38;2;124;133;154mnstruments [0m [0;1;38;2;16;19;26;48;2;138;168;255m Events [0m                                                                             [0;1;38;2;138;168;255mg[0;38;2;124;133;154m go[0m  [0;1;38;2;138;168;255m;[0;38;2;124;133;154m cmd[0m
 [0;38;2;114;130;166;48;2;29;32;38m╭─[0;1;38;2;238;241;246;48;2;29;32;38m eq zones [0;38;2;114;130;166;48;2;29;32;38m────────────────────────────────────────────────────────────────────────────────────────[0;38;2;124;133;154;48;2;29;32;38m done · 17 lines [0;38;2;114;130;166;48;2;29;32;38m╮[0m
 [0;38;2;114;130;166;48;2;29;32;38m│[0;48;2;29;32;38m [0;1;38;2;221;226;234;48;2;29;32;38mkick    [0;38;2;221;226;234;48;2;29;32;38mthump 50Hz–100Hz          [0;2;38;2;221;226;234;48;2;29;32;38m64Hz 125Hz[0;48;2;29;32;38m                                                                       [0;38;2;114;130;166;48;2;29;32;38m│[0m
 [0;38;2;114;130;166;48;2;29;32;38m│[0;48;2;29;32;38m [0;38;2;221;226;234;48;2;29;32;38m        beater click 2kHz–5kHz    [0;2;38;2;221;226;234;48;2;29;32;38m2kHz 4kHz[0;48;2;29;32;38m                                                                        [0;38;2;114;130;166;48;2;29;32;38m│[0m
 [0;38;2;114;130;166;48;2;29;32;38m│[0;48;2;29;32;38m [0;1;38;2;221;226;234;48;2;29;32;38mbass    [0;38;2;221;226;234;48;2;29;32;38mfundamental 40Hz–250Hz    [0;2;38;2;221;226;234;48;2;29;32;38m32Hz 64Hz 125Hz 250Hz[0;48;2;29;32;38m                                                            [0;38;2;114;130;166;48;2;29;32;38m│[0m
 [0;38;2;114;130;166;48;2;29;32;38m│[0;48;2;29;32;38m [0;38;2;221;226;234;48;2;29;32;38m        growl/attack 700Hz–1.2kHz [0;2;38;2;221;226;234;48;2;29;32;38m500Hz 1kHz[0;48;2;29;32;38m                                                                       [0;38;2;114;130;166;48;2;29;32;38m│[0m
 [0;38;2;114;130;166;48;2;29;32;38m│[0;48;2;29;32;38m [0;1;38;2;221;226;234;48;2;29;32;38msnare   [0;38;2;221;226;234;48;2;29;32;38mbody 150Hz–250Hz          [0;2;38;2;221;226;234;48;2;29;32;38m125Hz 250Hz[0;48;2;29;32;38m                                                                      [0;38;2;114;130;166;48;2;29;32;38m│[0m
 [0;38;2;114;130;166;48;2;29;32;38m│[0;48;2;29;32;38m [0;38;2;221;226;234;48;2;29;32;38m        crack 4kHz–6kHz           [0;2;38;2;221;226;234;48;2;29;32;38m4kHz 8kHz[0;48;2;29;32;38m                                                                        [0;38;2;114;130;166;48;2;29;32;38m│[0m
 [0;38;2;114;130;166;48;2;29;32;38m│[0;48;2;29;32;38m [0;1;38;2;221;226;234;48;2;29;32;38mguitar  [0;38;2;221;226;234;48;2;29;32;38mbody 80Hz–1.2kHz          [0;2;38;2;221;226;234;48;2;29;32;38m64Hz 125Hz 250Hz 500Hz 1kHz[0;48;2;29;32;38m                                                      [0;38;2;114;130;166;48;2;29;32;38m│[0m
 [0;38;2;114;130;166;48;2;29;32;38m│[0;48;2;29;32;38m [0;38;2;221;226;234;48;2;29;32;38m        bite 2kHz–5kHz            [0;2;38;2;221;226;234;48;2;29;32;38m2kHz 4kHz[0;48;2;29;32;38m                                                                        [0;38;2;114;130;166;48;2;29;32;38m│[0m
 [0;38;2;114;130;166;48;2;29;32;38m│[0;48;2;29;32;38m [0;1;38;2;221;226;234;48;2;29;32;38mpiano   [0;38;2;221;226;234;48;2;29;32;38mfundamental 27Hz–4.2kHz   [0;2;38;2;221;226;234;48;2;29;32;38m32Hz 64Hz 125Hz 250Hz 500Hz 1kHz 2kHz 4kHz[0;48;2;29;32;38m                                       [0;38;2;114;130;166;48;2;29;32;38m│[0m
 [0;38;2;114;130;166;48;2;29;32;38m│[0;48;2;29;32;38m [0;38;2;221;226;234;48;2;29;32;38m        brightness 4kHz–8kHz      [0;2;38;2;221;226;234;48;2;29;32;38m4kHz 8kHz[0;48;2;29;32;38m                                                                        [0;38;2;114;130;166;48;2;29;32;38m│[0m
 [0;38;2;114;130;166;48;2;29;32;38m│[0;48;2;29;32;38m [0;1;38;2;221;226;234;48;2;29;32;38mvoice   [0;38;2;221;226;234;48;2;29;32;38mfundamental 85Hz–255Hz    [0;2;38;2;221;226;234;48;2;29;32;38m64Hz 125Hz 250Hz[0;48;2;29;32;38m                                                                 [0;38;2;114;130;166;48;2;29;32;38m│[0m
 [0;38;2;114;130;166;48;2;29;32;38m│[0;48;2;29;32;38m [0;38;2;221;226;234;48;2;29;32;38m        F1 300Hz–1kHz             [0;2;38;2;221;226;234;48;2;29;32;38m250Hz 500Hz 1kHz[0;48;2;29;32;38m                                                                 [0;38;2;114;130;166;48;2;29;32;38m│[0m
 [0;38;2;114;130;166;48;2;29;32;38m│[0;48;2;29;32;38m [0;38;2;221;226;234;48;2;29;32;38m        F2 900Hz–2.8kHz           [0;2;38;2;221;226;234;48;2;29;32;38m1kHz 2kHz[0;48;2;29;32;38m                                                                        [0;38;2;114;130;166;48;2;29;32;38m│[0m
 [0;38;2;114;130;166;48;2;29;32;38m│[0;48;2;29;32;38m [0;38;2;221;226;234;48;2;29;32;38m        presence 2kHz–5kHz        [0;2;38;2;221;226;234;48;2;29;32;38m2kHz 4kHz[0;48;2;29;32;38m                                                                        [0;38;2;114;130;166;48;2;29;32;38m│[0m
 [0;38;2;114;130;166;48;2;29;32;38m│[0;48;2;29;32;38m [0;38;2;221;226;234;48;2;29;32;38m        sibilance 5kHz–9kHz       [0;2;38;2;221;226;234;48;2;29;32;38m4kHz 8kHz[0;48;2;29;32;38m                                                                        [0;38;2;114;130;166;48;2;29;32;38m│[0m
 [0;38;2;114;130;166;48;2;29;32;38m│[0;48;2;29;32;38m [0;1;38;2;221;226;234;48;2;29;32;38mcymbals [0;38;2;221;226;234;48;2;29;32;38mshimmer 6kHz–16kHz        [0;2;38;2;221;226;234;48;2;29;32;38m8kHz 16kHz[0;48;2;29;32;38m                                                                       [0;38;2;114;130;166;48;2;29;32;38m│[0m
 [0;38;2;114;130;166;48;2;29;32;38m│[0;48;2;29;32;38m [0;1;38;2;221;226;234;48;2;29;32;38mair     [0;38;2;221;226;234;48;2;29;32;38msparkle 10kHz–20kHz       [0;2;38;2;221;226;234;48;2;29;32;38m8kHz 16kHz[0;48;2;29;32;38m                                                                       [0;38;2;114;130;166;48;2;29;32;38m│[0m
 [0;38;2;114;130;166;48;2;29;32;38m│[0;48;2;29;32;38m                                                                                                                    [0;38;2;114;130;166;48;2;29;32;38m│[0m
 [0;38;2;114;130;166;48;2;29;32;38m│[0;48;2;29;32;38m                                                                                                                    [0;38;2;114;130;166;48;2;29;32;38m│[0m
 [0;38;2;114;130;166;48;2;29;32;38m│[0;48;2;29;32;38m                                                                                                                    [0;38;2;114;130;166;48;2;29;32;38m│[0m
 [0;38;2;114;130;166;48;2;29;32;38m│[0;48;2;29;32;38m                                                                                                                    [0;38;2;114;130;166;48;2;29;32;38m│[0m
 [0;38;2;114;130;166;48;2;29;32;38m│[0;48;2;29;32;38m                                                                                                                    [0;38;2;114;130;166;48;2;29;32;38m│[0m
 [0;38;2;114;130;166;48;2;29;32;38m│[0;48;2;29;32;38m                                                                                                                    [0;38;2;114;130;166;48;2;29;32;38m│[0m
 [0;38;2;114;130;166;48;2;29;32;38m│[0;48;2;29;32;38m                                                                                                                    [0;38;2;114;130;166;48;2;29;32;38m│[0m
 [0;38;2;114;130;166;48;2;29;32;38m│[0;48;2;29;32;38m                                                                                                                    [0;38;2;114;130;166;48;2;29;32;38m│[0m
 [0;38;2;114;130;166;48;2;29;32;38m│[0;48;2;29;32;38m                                                                                                                    [0;38;2;114;130;166;48;2;29;32;38m│[0m
 [0;38;2;114;130;166;48;2;29;32;38m│[0;48;2;29;32;38m                                                                                                                    [0;38;2;114;130;166;48;2;29;32;38m│[0m
 [0;38;2;114;130;166;48;2;29;32;38m│[0;48;2;29;32;38m                                                                                                                    [0;38;2;114;130;166;48;2;29;32;38m│[0m
 [0;38;2;114;130;166;48;2;29;32;38m│[0;48;2;29;32;38m                                                                                                                    [0;38;2;114;130;166;48;2;29;32;38m│[0m
 [0;38;2;114;130;166;48;2;29;32;38m│[0;48;2;29;32;38m                                                                                                                    [0;38;2;114;130;166;48;2;29;32;38m│[0m
 [0;38;2;114;130;166;48;2;29;32;38m╰────────────────────────────────────────────────────────────────────────────────────────────────────────────────────╯[0m

[0;1;38;2;238;241;246;48;2;52;60;77m ↑↓ [0;38;2;124;133;154m scroll  [0;1;38;2;238;241;246;48;2;52;60;77m Esc [0;38;2;124;133;154m close[0m
