[0;38;2;138;168;255;48;2;57;66;90m ◉ [0;1;38;2;238;241;246;48;2;57;66;90mBE-RCA [0;38;2;74;83;104;48;2;27;30;37m [0;38;2;162;171;188;48;2;27;30;37m44.1 kHz[0;38;2;74;83;104;48;2;27;30;37m │ [0;38;2;124;133;154;48;2;27;30;37mpreamp [0;38;2;242;127;188;48;2;27;30;37m-4.8[0;38;2;124;133;154;48;2;27;30;37m dB[0;38;2;74;83;104;48;2;27;30;37m │ [0;38;2;138;168;255;48;2;27;30;37m◆ [0;1;38;2;221;226;234;48;2;27;30;37mfavourite[0;1;38;2;242;193;78;48;2;27;30;37m*[0;38;2;74;83;104;48;2;27;30;37m │ [0;38;2;108;182;255;48;2;27;30;37m● [0;38;2;221;226;234;48;2;27;30;37mvoice [0;38;2;99;217;158;48;2;27;30;37m+3.0[0;38;2;74;83;104;48;2;27;30;37m │ [0;38;2;124;133;154;48;2;27;30;37mbass [0;38;2;99;217;158;48;2;27;30;37m+1[0;38;2;124;133;154;48;2;27;30;37m treble [0;38;2;242;127;188;48;2;27;30;37m-0.5[0;48;2;27;30;37m                  [0;38;2;124;133;154;48;2;27;30;37m peak [0;38;2;242;163;58;48;2;27;30;37m-6.0[0;38;2;124;133;154;48;2;27;30;37m dB [0m
 [0;1;38;2;16;19;26;48;2;138;168;255m Meter [0m  [0;4;38;2;138;168;255mT[0;38;2;124;133;154mune [0m  [0;4;38;2;138;168;255mI[0;38;2;124;133;154mnstruments [0m  [0;4;38;2;138;168;255mP[0;38;2;124;133;154mresets [0m  [0;4;38;2;138;168;255mD[0;38;2;124;133;154mevices [0m  [0;4;38;2;138;168;255mF[0;38;2;124;133;154milters [0m  [0;4;38;2;138;168;255mA[0;38;2;124;133;154mpps [0m  [0;4;38;2;138;168;255mS[0;38;2;124;133;154mystem [0m  [0;4;38;2;138;168;255mH[0;38;2;124;133;154mistory [0m  [0;4;38;2;138;168;255mE[0;38;2;124;133;154mvents [0m              [0;1;38;2;138;168;255mg[0;38;2;124;133;154m go[0m  [0;1;38;2;138;168;255m;[0;38;2;124;133;154m cmd[0m
         [0;38;2;74;83;104m╭[0;1;38;2;105;205;139m level dBFS [0;38;2;74;83;104m─────────────────────[0;1;38;2;162;171;188m meter [0;38;2;74;83;104m──────────────────────────[0;1;38;2;243;233;207m EQ dB [0;38;2;74;83;104m╮[0m         [0;38;2;74;83;104m╭─[0;1;38;2;162;171;188m output [0;38;2;74;83;104m────────────────╮[0m
         [0;38;2;74;83;104m│[0;38;2;248;96;126m  0[0m [0;38;2;74;83;104m┤[0m [0;38;2;61;68;84m┈┈┈┈┈┈┈┈┈┈┈┈┈┈┈┈┈┈┈┈┈┈┈┈┈┈┈┈┈┈┈┈┈┈┈┈┈┈┈┈┈┈┈┈┈┈┈┈┈┈┈┈┈┈┈┈┈┈┈┈┈┈[0;38;2;74;83;104m├[0;38;2;160;155;141m+12[0m [0;38;2;74;83;104m│[0m         [0;38;2;74;83;104m│[0m [0;38;2;124;133;154mpeak [0;38;2;27;99;89m█[0;38;2;28;108;93m█[0;38;2;29;118;97m█[0;38;2;30;127;100m█[0;38;2;30;136;104m█[0;38;2;34;147;108m█[0;38;2;46;162;110m█[0;38;2;58;177;112m█[0;38;2;69;191;114m█[0;38;2;109;200;106m█[0;38;2;190;200;85m█[0;38;2;61;68;84m·[0;38;2;238;241;246m▏[0m [0;38;2;221;226;234m -6.0[0;38;2;74;83;104m│[0m
         [0;38;2;74;83;104m│[0m                                                                         [0;38;2;74;83;104m│[0m         [0;38;2;74;83;104m│[0m [0;38;2;124;133;154mlimit [0;38;2;61;68;84m●[0m [0;38;2;124;133;154midle[0m            [0;38;2;74;83;104m│[0m
         [0;38;2;74;83;104m│[0;38;2;238;176;93m -6[0m [0;38;2;74;83;104m┤[0m       [0;38;2;247;189;127m▔[0m [0;38;2;247;189;127m▔[0m                                                          [0;38;2;74;83;104m│[0m         [0;38;2;74;83;104m╰─────────────────────────╯[0m
         [0;38;2;74;83;104m│[0m              [0;38;2;231;179;67m▂[0m [0;38;2;239;206;133m▔[0m                                                        [0;38;2;74;83;104m│[0m         [0;38;2;74;83;104m╭─[0;1;38;2;162;171;188m dynamics [0;38;2;74;83;104m──────────────╮[0m
         [0;38;2;74;83;104m│[0m              [0;48;2;217;200;78m [0m [0;38;2;217;200;78m▆[0m [0;38;2;230;219;140m▔[0m   [0;38;2;230;219;140m▔[0m                                                  [0;38;2;74;83;104m│[0m         [0;38;2;74;83;104m│[0m [0;38;2;124;133;154mcomp[0m  [0;1;38;2;138;168;255mnight[0m             [0;38;2;74;83;104m│[0m
         [0;38;2;74;83;104m│[0;38;2;190;205;116m-12[0m [0;38;2;74;83;104m┤[0m [0;38;2;61;68;84m┈┈┈┈[0;38;2;205;219;146m▔[0;38;2;61;68;84m┈[0;48;2;178;200;88m [0;38;2;61;68;84m┈[0;48;2;178;200;88m [0;38;2;61;68;84m┈[0;48;2;178;200;88m [0;38;2;61;68;84m┈[0;38;2;178;200;88m▂[0;38;2;61;68;84m┈┈┈┈┈┈┈┈┈┈┈┈┈┈┈┈┈┈┈┈┈┈┈┈┈┈┈┈┈┈┈┈┈┈┈┈┈┈┈┈┈┈┈┈┈┈┈┈┈[0m     [0;38;2;74;83;104m│[0m         [0;38;2;74;83;104m│[0m [0;38;2;124;133;154mGR[0m    [0;38;2;61;68;84m··········[0;38;2;242;193;78m██[0m [0;38;2;242;193;78m -2.1[0;38;2;74;83;104m│[0m
         [0;38;2;74;83;104m│[0m          [0;38;2;139;200;99m▄[0m [0;48;2;139;200;99m [0m [0;48;2;139;200;99m [0m [0;48;2;139;200;99m [0m [0;48;2;139;200;99m [0m [0;38;2;180;219;154m▔[0m   [0;38;2;180;219;154m▔[0m                                                [0;38;2;74;83;104m│[0m         [0;38;2;74;83;104m│[0m [0;38;2;124;133;154mcolour[0m [0;1;38;2;138;168;255mtape[0m [0;38;2;138;168;255m█▊[0;38;2;61;68;84m····[0m  [0;38;2;221;226;234m 0.3[0;38;2;74;83;104m│[0m
         [0;38;2;74;83;104m│[0m        [0;1;38;2;243;233;207m⢀⡞[0;1;38;2;243;233;207;48;2;100;200;109m●[0;1;38;2;243;233;207m⢦[0;1;38;2;243;233;207;48;2;100;200;109m⡀[0m [0;1;38;2;243;233;207;48;2;100;200;109m⡴[0;1;38;2;243;233;207m⠛[0;1;38;2;243;233;207;48;2;100;200;109m●[0;1;38;2;243;233;207m⣆[0;1;38;2;243;233;207;48;2;100;200;109m⡀[0m [0;1;38;2;243;233;207;48;2;100;200;109m⣠[0;1;38;2;243;233;207m⠶[0;1;38;2;99;217;158m●[0m   [0;38;2;154;219;160m▔[0m [0;38;2;154;219;160m▔[0m   [0;38;2;154;219;160m▔[0m               [0;38;2;154;219;160m▔[0m                   [0;38;2;74;83;104m├[0;38;2;160;155;141m+6[0m  [0;38;2;74;83;104m│[0m         [0;38;2;74;83;104m╰─────────────────────────╯[0m
         [0;38;2;74;83;104m│[0m        [0;1;38;2;243;233;207m⡼[0m [0;48;2;74;197;115m [0m [0;1;38;2;243;233;207;48;2;74;197;115m⠙[0;1;38;2;243;233;207m⠛[0;1;38;2;243;233;207;48;2;74;197;115m⠁[0m [0;48;2;74;197;115m [0;1;38;2;243;233;207m⠈[0;1;38;2;243;233;207;48;2;74;197;115m⠙[0;1;38;2;243;233;207m⠛[0;1;38;2;243;233;207;48;2;74;197;115m⠁[0m [0;1;38;2;243;233;207;48;2;74;197;115m⠈[0;1;38;2;243;233;207m⢧⡀[0m         [0;38;2;137;217;164m▔[0m [0;38;2;137;217;164m▔[0m     [0;38;2;137;217;164m▔[0m         [0;38;2;137;217;164m▔[0m                    [0;38;2;74;83;104m│[0m         [0;38;2;74;83;104m╭─[0;1;38;2;162;171;188m tone [0;38;2;74;83;104m──────────────────╮[0m
         [0;38;2;74;83;104m│[0m       [0;1;38;2;243;233;207m⣰⠃[0m [0;48;2;68;190;114m [0m [0;48;2;68;190;114m [0m [0;48;2;68;190;114m [0m [0;48;2;68;190;114m [0m [0;48;2;68;190;114m [0m [0;48;2;68;190;114m [0m [0;48;2;68;190;114m [0m [0;1;38;2;243;233;207;48;2;68;190;114m⠳[0;1;38;2;243;233;207m⣤[0;1;38;2;243;233;207;48;2;68;190;114m⣀[0;1;38;2;243;233;207m⣀[0;38;2;68;190;114m▃[0m [0;38;2;133;213;163m▔[0m   [0;38;2;68;190;114m▅[0m   [0;38;2;133;213;163m▔[0m [0;38;2;133;213;163m▔[0m     [0;38;2;133;213;163m▔[0m [0;38;2;68;190;114m▃[0m [0;38;2;133;213;163m▔[0m      [0;1;38;2;243;233;207m⢀[0;1;38;2;99;217;158m●[0m              [0;38;2;74;83;104m│[0m         [0;38;2;74;83;104m│[0m [0;38;2;124;133;154mbass[0m   [0;38;2;61;68;84m┄┄┄┄┄[0;38;2;114;130;166m┼[0;38;2;99;217;158m●[0;38;2;61;68;84m┄┄┄[0m  [0;38;2;99;217;158m +1.0[0;38;2;74;83;104m│[0m
         [0;38;2;74;83;104m│[0;38;2;93;190;136m-24[0m [0;38;2;74;83;104m┤[0m [0;1;38;2;243;233;207m⣰⠃[0;48;2;63;183;113m [0;38;2;61;68;84m┈[0;48;2;63;183;113m [0;38;2;61;68;84m┈[0;48;2;63;183;113m [0;38;2;61;68;84m┈[0;48;2;63;183;113m [0;38;2;61;68;84m┈[0;48;2;63;183;113m [0;38;2;61;68;84m┈[0;48;2;63;183;113m [0;38;2;61;68;84m┈[0;48;2;63;183;113m [0;38;2;61;68;84m┈[0;48;2;63;183;113m [0;38;2;61;68;84m┈[0;48;2;63;183;113m [0;38;2;61;68;84m┈[0;1;38;2;243;233;207;48;2;63;183;113m⠉[0;1;38;2;243;233;207m⠉[0;1;38;2;243;233;207;48;2;63;183;113m●[0;1;38;2;243;233;207m⡄[0;38;2;63;183;113m▆[0;38;2;61;68;84m┈[0;48;2;63;183;113m [0;38;2;61;68;84m┈[0;48;2;63;183;113m [0;38;2;61;68;84m┈[0;38;2;63;183;113m█[0;38;2;61;68;84m┈┈┈[0;38;2;63;183;113m▆[0;38;2;61;68;84m┈[0;38;2;63;183;113m▂[0;38;2;61;68;84m┈[0;38;2;130;208;163m▔[0;38;2;61;68;84m┈[0;38;2;63;183;113m▂[0;38;2;61;68;84m┈[0;48;2;63;183;113m [0;38;2;61;68;84m┈[0;38;2;63;183;113m█[0;38;2;61;68;84m┈┈┈┈┈[0;1;38;2;243;233;207m⣠⠏⠹⡄[0;38;2;61;68;84m┈┈┈[0;1;38;2;243;233;207m⢀⡀[0;38;2;61;68;84m┈┈┈[0m     [0;38;2;74;83;104m│[0m         [0;38;2;74;83;104m│[0m [0;38;2;124;133;154mtreble[0m [0;38;2;61;68;84m┄┄┄┄┄[0;38;2;242;127;188m●[0;38;2;61;68;84m┄┄┄┄[0m  [0;38;2;242;127;188m -0.5[0;38;2;74;83;104m│[0m
         [0;38;2;74;83;104m│[0m      [0;1;38;2;243;233;207m⠃[0m [0;48;2;57;176;112m [0m [0;48;2;57;176;112m [0m [0;48;2;57;176;112m [0m [0;48;2;57;176;112m [0m [0;48;2;57;176;112m [0m [0;48;2;57;176;112m [0m [0;48;2;57;176;112m [0m [0;48;2;57;176;112m [0m [0;48;2;57;176;112m [0m [0;48;2;57;176;112m [0m [0;48;2;57;176;112m [0;1;38;2;243;233;207m⠙[0;1;38;2;243;233;207;48;2;57;176;112m⣆[0m [0;48;2;57;176;112m [0m [0;48;2;57;176;112m [0m [0;48;2;57;176;112m [0m [0;38;2;57;176;112m█[0m [0;48;2;57;176;112m [0m [0;48;2;57;176;112m [0m [0;38;2;57;176;112m▅[0m [0;48;2;57;176;112m [0m [0;48;2;57;176;112m [0m [0;48;2;57;176;112m [0m [0;38;2;57;176;112m▇[0m [0;38;2;126;204;162m▔[0;1;38;2;243;233;207m⣰⠃[0m  [0;1;38;2;243;233;207m⠙⣆[0m [0;1;38;2;243;233;207m⢠⠏[0;1;38;2;99;217;158m●[0m        [0;38;2;74;83;104m│[0m         [0;38;2;74;83;104m│[0m [0;38;2;124;133;154mtilt[0m   [0;38;2;61;68;84m┄┄┄┄┄[0;38;2;114;130;166m┼[0;38;2;61;68;84m┄┄┄┄[0m  [0;38;2;124;133;154m  0.0[0;38;2;74;83;104m│[0m
         [0;38;2;74;83;104m│[0m      [0;38;2;123;199;161m▔[0m [0;48;2;52;169;111m [0m [0;48;2;52;169;111m [0m [0;48;2;52;169;111m [0m [0;48;2;52;169;111m [0m [0;48;2;52;169;111m [0m [0;48;2;52;169;111m [0m [0;48;2;52;169;111m [0m [0;48;2;52;169;111m [0m [0;48;2;52;169;111m [0m [0;48;2;52;169;111m [0m [0;48;2;52;169;111m [0m [0;1;38;2;243;233;207;48;2;52;169;111m⠈[0;1;38;2;243;233;207m⠳[0;1;38;2;243;233;207;48;2;52;169;111m⣄[0m [0;48;2;52;169;111m [0m [0;48;2;52;169;111m [0m [0;48;2;52;169;111m [0m [0;48;2;52;169;111m [0m [0;48;2;52;169;111m [0m [0;48;2;52;169;111m [0m [0;48;2;52;169;111m [0m [0;48;2;52;169;111m [0m [0;48;2;52;169;111m [0m [0;1;38;2;243;233;207;48;2;52;169;111m●[0;1;38;2;243;233;207m⣠⠞⠁[0m  [0;38;2;123;199;161m▔[0m [0;1;38;2;243;233;207m⠈⠛⠋[0m [0;1;38;2;243;233;207m⠸⡄[0m       [0;38;2;74;83;104m│[0m         [0;38;2;74;83;104m╰─────────────────────────╯[0m
         [0;38;2;74;83;104m│[0m      [0;38;2;94;93;89m┈┈[0;48;2;46;162;110m [0;38;2;94;93;89m┈[0;48;2;46;162;110m [0;38;2;94;93;89m┈[0;48;2;46;162;110m [0;38;2;94;93;89m┈[0;48;2;46;162;110m [0;38;2;94;93;89m┈[0;48;2;46;162;110m [0;38;2;94;93;89m┈[0;48;2;46;162;110m [0;38;2;94;93;89m┈[0;48;2;46;162;110m [0;38;2;94;93;89m┈[0;48;2;46;162;110m [0;38;2;94;93;89m┈[0;48;2;46;162;110m [0;38;2;94;93;89m┈[0;48;2;46;162;110m [0;38;2;94;93;89m┈[0;48;2;46;162;110m [0;38;2;94;93;89m┈[0;48;2;46;162;110m [0;38;2;94;93;89m┈[0;1;38;2;243;233;207;48;2;46;162;110m⠈[0;1;38;2;243;233;207m⠳[0;1;38;2;243;233;207;48;2;46;162;110m●[0;1;38;2;243;233;207m⡀[0;48;2;46;162;110m [0;38;2;94;93;89m┈[0;48;2;46;162;110m [0;38;2;94;93;89m┈[0;48;2;46;162;110m [0;38;2;94;93;89m┈[0;48;2;46;162;110m [0;38;2;94;93;89m┈[0;48;2;46;162;110m [0;38;2;94;93;89m┈[0;1;38;2;243;233;207;48;2;46;162;110m●[0;1;38;2;243;233;207m⣠[0;1;38;2;243;233;207;48;2;46;162;110m⣤[0;1;38;2;243;233;207m⠶[0;1;38;2;243;233;207;48;2;46;162;110m⠶[0;1;38;2;243;233;207m⠛[0;1;38;2;243;233;207;48;2;46;162;110m⠋[0;1;38;2;243;233;207m⠁[0;48;2;46;162;110m [0;38;2;94;93;89m┈[0;38;2;46;162;110m█[0;38;2;94;93;89m┈┈┈┈┈[0;38;2;119;195;161m▔[0;38;2;94;93;89m┈┈[0;1;38;2;243;233;207m⠙⠶⠞[0;38;2;74;83;104m├[0;1;38;2;243;233;207m 0[0m  [0;38;2;74;83;104m│[0m         [0;38;2;74;83;104m╭─[0;1;38;2;162;171;188m knobs [0;38;2;74;83;104m─────────────────╮[0m
         [0;38;2;74;83;104m│[0m      [0;48;2;40;155;109m [0m [0;48;2;40;155;109m [0m [0;48;2;40;155;109m [0m [0;48;2;40;155;109m [0m [0;48;2;40;155;109m [0m [0;48;2;40;155;109m [0m [0;48;2;40;155;109m [0m [0;48;2;40;155;109m [0m [0;48;2;40;155;109m [0m [0;48;2;40;155;109m [0m [0;48;2;40;155;109m [0m [0;48;2;40;155;109m [0m [0;48;2;40;155;109m [0m [0;48;2;40;155;109m [0m [0;48;2;40;155;109m [0;1;38;2;243;233;207m⠙[0;1;38;2;243;233;207;48;2;40;155;109m⣆[0m [0;48;2;40;155;109m [0m [0;48;2;40;155;109m [0m [0;48;2;40;155;109m [0;1;38;2;243;233;207m⣠[0;1;38;2;243;233;207;48;2;40;155;109m⡴[0;1;38;2;243;233;207m⠛[0;1;38;2;243;233;207;48;2;40;155;109m⠉[0;1;38;2;243;233;207m⠁[0;48;2;40;155;109m [0m [0;48;2;40;155;109m [0m [0;48;2;40;155;109m [0m [0;48;2;40;155;109m [0m [0;48;2;40;155;109m [0m [0;48;2;40;155;109m [0m [0;38;2;115;190;160m▔[0m            [0;38;2;74;83;104m│[0m         [0;38;2;74;83;104m│[0m [0;38;2;255;122;89m●[0m [0;38;2;162;171;188mkick[0m    [0;38;2;61;68;84m┄┄┄[0;38;2;114;130;166m┼[0;38;2;61;68;84m┄┄┄[0m  [0;38;2;124;133;154m  0.0[0;38;2;74;83;104m│[0m
         [0;38;2;74;83;104m│[0m      [0;48;2;35;148;108m [0m [0;48;2;35;148;108m [0m [0;48;2;35;148;108m [0m [0;48;2;35;148;108m [0m [0;48;2;35;148;108m [0m [0;48;2;35;148;108m [0m [0;48;2;35;148;108m [0m [0;48;2;35;148;108m [0m [0;48;2;35;148;108m [0m [0;48;2;35;148;108m [0m [0;48;2;35;148;108m [0m [0;48;2;35;148;108m [0m [0;48;2;35;148;108m [0m [0;48;2;35;148;108m [0m [0;48;2;35;148;108m [0m [0;1;38;2;243;233;207;48;2;35;148;108m⠈[0;1;38;2;243;233;207m⢳[0;1;38;2;243;233;207;48;2;35;148;108m⡀[0m [0;48;2;35;148;108m [0;1;38;2;243;233;207m⢀[0;1;38;2;243;233;207;48;2;35;148;108m⡼[0;1;38;2;243;233;207m⠁[0;48;2;35;148;108m [0m [0;48;2;35;148;108m [0m [0;48;2;35;148;108m [0m [0;48;2;35;148;108m [0m [0;48;2;35;148;108m [0m [0;48;2;35;148;108m [0m [0;48;2;35;148;108m [0m [0;48;2;35;148;108m [0m [0;38;2;35;148;108m█[0m            [0;38;2;74;83;104m│[0m         [0;38;2;74;83;104m│[0m [0;38;2;255;174;87m●[0m [0;38;2;162;171;188mbass[0m    [0;38;2;61;68;84m┄┄┄[0;38;2;114;130;166m┼[0;38;2;61;68;84m┄┄┄[0m  [0;38;2;124;133;154m  0.0[0;38;2;74;83;104m│[0m
         [0;38;2;74;83;104m│[0;38;2;69;160;132m-36[0m [0;38;2;74;83;104m┤[0m [0;48;2;31;142;106m [0;38;2;61;68;84m┈[0;48;2;31;142;106m [0;38;2;61;68;84m┈[0;48;2;31;142;106m [0;38;2;61;68;84m┈[0;48;2;31;142;106m [0;38;2;61;68;84m┈[0;48;2;31;142;106m [0;38;2;61;68;84m┈[0;48;2;31;142;106m [0;38;2;61;68;84m┈[0;48;2;31;142;106m [0;38;2;61;68;84m┈[0;48;2;31;142;106m [0;38;2;61;68;84m┈[0;48;2;31;142;106m [0;38;2;61;68;84m┈[0;48;2;31;142;106m [0;38;2;61;68;84m┈[0;48;2;31;142;106m [0;38;2;61;68;84m┈[0;48;2;31;142;106m [0;38;2;61;68;84m┈[0;48;2;31;142;106m [0;38;2;61;68;84m┈[0;48;2;31;142;106m [0;38;2;61;68;84m┈[0;48;2;31;142;106m [0;38;2;61;68;84m┈[0;48;2;31;142;106m [0;38;2;61;68;84m┈[0;1;38;2;243;233;207;48;2;31;142;106m⠹[0;1;38;2;243;233;207m⣄[0;1;38;2;243;233;207;48;2;31;142;106m●[0;1;38;2;243;233;207m⠏[0;48;2;31;142;106m [0;38;2;61;68;84m┈[0;48;2;31;142;106m [0;38;2;61;68;84m┈[0;48;2;31;142;106m [0;38;2;61;68;84m┈[0;48;2;31;142;106m [0;38;2;61;68;84m┈[0;48;2;31;142;106m [0;38;2;61;68;84m┈[0;48;2;31;142;106m [0;38;2;61;68;84m┈[0;48;2;31;142;106m [0;38;2;61;68;84m┈[0;48;2;31;142;106m [0;38;2;61;68;84m┈[0;48;2;31;142;106m [0;38;2;61;68;84m┈[0;48;2;31;142;106m [0;38;2;61;68;84m┈[0;38;2;31;142;106m▃[0;38;2;61;68;84m┈┈┈┈┈[0m     [0;38;2;74;83;104m│[0m         [0;38;2;74;83;104m│[0m [0;38;2;255;217;102m●[0m [0;38;2;162;171;188msnare[0m   [0;38;2;61;68;84m┄┄┄[0;38;2;114;130;166m┼[0;38;2;61;68;84m┄┄┄[0m  [0;38;2;124;133;154m  0.0[0;38;2;74;83;104m│[0m
 [0;38;2;114;130;166;48;2;29;32;38m╭─[0;1;38;2;238;241;246;48;2;29;32;38m commands [0;38;2;114;130;166;48;2;29;32;38m───────────────────────────────────────────────────────────────────────────────────[0;38;2;124;133;154;48;2;29;32;38m 15 [0;38;2;114;130;166;48;2;29;32;38m╮[0;38;2;162;171;188mar[0m  [0;38;2;61;68;84m┄┄┄[0;38;2;114;130;166m┼[0;38;2;61;68;84m┄┄┄[0m  [0;38;2;124;133;154m  0.0[0;38;2;74;83;104m│[0m
 [0;38;2;114;130;166;48;2;29;32;38m│[0;1;38;2;138;168;255;48;2;47;61;99m▸[0;48;2;47;61;99m [0;1;38;2;138;168;255;48;2;47;61;99mpre[0;1;38;2;221;226;234;48;2;47;61;99mset[0;48;2;47;61;99m                               [0;38;2;124;133;154;48;2;47;61;99mlist presets; the current device's one marked *[0;48;2;47;61;99m            [0;38;2;114;130;166;48;2;29;32;38m│[0;38;2;162;171;188mo[0m   [0;38;2;61;68;84m┄┄┄[0;38;2;114;130;166m┼[0;38;2;61;68;84m┄┄┄[0m  [0;38;2;124;133;154m  0.0[0;38;2;74;83;104m│[0m
 [0;38;2;114;130;166;48;2;29;32;38m│[0;48;2;29;32;38m  [0;1;38;2;138;168;255;48;2;29;32;38mpre[0;38;2;221;226;234;48;2;29;32;38mset list[0;48;2;29;32;38m                          [0;38;2;124;133;154;48;2;29;32;38mlist presets; the current device's one marked *[0;48;2;29;32;38m            [0;38;2;114;130;166;48;2;29;32;38m│[0;38;2;238;241;246me[0m   [0;38;2;61;68;84m┄┄┄[0;38;2;114;130;166m┼[0;38;2;99;217;158m●[0;38;2;61;68;84m┄┄[0m  [0;38;2;99;217;158m +3.0[0;38;2;74;83;104m│[0m
 [0;38;2;114;130;166;48;2;29;32;38m│[0;48;2;29;32;38m  [0;1;38;2;138;168;255;48;2;29;32;38mpre[0;38;2;221;226;234;48;2;29;32;38mamp <gain>[0;48;2;29;32;38m                        [0;38;2;124;133;154;48;2;29;32;38mthe preamp of the curve[0;48;2;29;32;38m                                    [0;38;2;114;130;166;48;2;29;32;38m│[0;38;2;162;171;188mals[0m [0;38;2;61;68;84m┄┄┄[0;38;2;114;130;166m┼[0;38;2;61;68;84m┄┄┄[0m  [0;38;2;124;133;154m  0.0[0;38;2;74;83;104m│[0m
 [0;38;2;114;130;166;48;2;29;32;38m│[0;48;2;29;32;38m  [0;1;38;2;138;168;255;48;2;29;32;38mpre[0;38;2;221;226;234;48;2;29;32;38mset rm <name>[0;48;2;29;32;38m                     [0;38;2;124;133;154;48;2;29;32;38mdelete a preset[0;48;2;29;32;38m                                            [0;38;2;114;130;166;48;2;29;32;38m│[0m    [0;38;2;61;68;84m┄┄┄[0;38;2;114;130;166m┼[0;38;2;61;68;84m┄┄┄[0m  [0;38;2;124;133;154m  0.0[0;38;2;74;83;104m│[0m
 [0;38;2;114;130;166;48;2;29;32;38m│[0;48;2;29;32;38m  [0;1;38;2;138;168;255;48;2;29;32;38mpre[0;38;2;221;226;234;48;2;29;32;38mset use <name>[0;48;2;29;32;38m                    [0;38;2;124;133;154;48;2;29;32;38msave the curve as <name> / apply <name>[0;48;2;29;32;38m                    [0;38;2;114;130;166;48;2;29;32;38m│[0;38;2;74;83;104m──────────────────╯[0m
 [0;38;2;114;130;166;48;2;29;32;38m│[0;48;2;29;32;38m  [0;1;38;2;138;168;255;48;2;29;32;38mpre[0;38;2;221;226;234;48;2;29;32;38mset save <name>[0;48;2;29;32;38m                   [0;38;2;124;133;154;48;2;29;32;38msave the curve as <name> / apply <name>[0;48;2;29;32;38m                    [0;38;2;114;130;166;48;2;29;32;38m│[0m
 [0;38;2;114;130;166;48;2;29;32;38m│[0;48;2;29;32;38m  [0;1;38;2;138;168;255;48;2;29;32;38mpre[0;38;2;221;226;234;48;2;29;32;38mset show <name>[0;48;2;29;32;38m                   [0;38;2;124;133;154;48;2;29;32;38mshow a preset[0;48;2;29;32;38m                                              [0;38;2;114;130;166;48;2;29;32;38m│[0m
 [0;38;2;114;130;166;48;2;29;32;38m│[0;48;2;29;32;38m  [0;1;38;2;138;168;255;48;2;29;32;38mpre[0;38;2;221;226;234;48;2;29;32;38mset rename <old> <new>[0;48;2;29;32;38m            [0;38;2;124;133;154;48;2;29;32;38mrename a preset; devices using it follow[0;48;2;29;32;38m                   [0;38;2;114;130;166;48;2;29;32;38m│[0m
 [0;38;2;114;130;166;48;2;29;32;38m│[0;48;2;29;32;38m  [0;38;2;238;241;246;48;2;29;32;38mgo [0;1;38;2;138;168;255;48;2;29;32;38mpre[0;38;2;238;241;246;48;2;29;32;38msets[0;48;2;29;32;38m                           [0;38;2;124;133;154;48;2;29;32;38mthe presets: apply, save as, rename, delete, compare[0;48;2;29;32;38m       [0;38;2;114;130;166;48;2;29;32;38m│[0m
 [0;38;2;114;130;166;48;2;29;32;38m│[0;48;2;29;32;38m  [0;38;2;221;226;234;48;2;29;32;38mtui [0;1;38;2;138;168;255;48;2;29;32;38mpre[0;38;2;221;226;234;48;2;29;32;38msets[0;48;2;29;32;38m                          [0;38;2;124;133;154;48;2;29;32;38mthe terminal UI, opened on the meter (the same screen as e[0;48;2;29;32;38m [0;38;2;114;130;166;48;2;29;32;38m│[0m
 [0;38;2;114;130;166;48;2;29;32;38m│[0;48;2;29;32;38m  [0;38;2;221;226;234;48;2;29;32;38ma[0;1;38;2;138;168;255;48;2;29;32;38mp[0;38;2;221;226;234;48;2;29;32;38mp set <app> <p[0;1;38;2;138;168;255;48;2;29;32;38mre[0;38;2;221;226;234;48;2;29;32;38mset>[0;48;2;29;32;38m               [0;38;2;124;133;154;48;2;29;32;38mwhile <app>, a bundle ID or an app's name, plays, hear <pr[0;48;2;29;32;38m [0;38;2;114;130;166;48;2;29;32;38m│[0m
 [0;38;2;114;130;166;48;2;29;32;38m│[0;48;2;29;32;38m  [0;38;2;221;226;234;48;2;29;32;38mfilter add <ty[0;1;38;2;138;168;255;48;2;29;32;38mp[0;38;2;221;226;234;48;2;29;32;38me> <f[0;1;38;2;138;168;255;48;2;29;32;38mre[0;38;2;221;226;234;48;2;29;32;38mq> <gain> <q>[0;48;2;29;32;38m  [0;38;2;124;133;154;48;2;29;32;38madd a filter: peak lowshelf highshelf lowpass highpass not[0;48;2;29;32;38m [0;38;2;114;130;166;48;2;29;32;38m│[0m
 [0;38;2;114;130;166;48;2;29;32;38m╰──────────────────────────────────────────────────────────────────────────────────────────────────╯[0m
          [0;1;38;2;138;168;255m: [0;38;2;221;226;234mpre▏[0m
[0;1;38;2;238;241;246;48;2;52;60;77m Tab [0;38;2;124;133;154m complete  [0;1;38;2;238;241;246;48;2;52;60;77m ↑↓ [0;38;2;124;133;154m choose  [0;1;38;2;238;241;246;48;2;52;60;77m Enter [0;38;2;124;133;154m run  [0;1;38;2;238;241;246;48;2;52;60;77m Esc [0;38;2;124;133;154m close[0m
