[0;38;2;138;168;255;48;2;57;66;90m ◉ [0;1;38;2;238;241;246;48;2;57;66;90mBE-RCA [0;38;2;74;83;104;48;2;27;30;37m [0;38;2;162;171;188;48;2;27;30;37m44.1 kHz[0;38;2;74;83;104;48;2;27;30;37m │ [0;38;2;124;133;154;48;2;27;30;37mpreamp [0;38;2;242;127;188;48;2;27;30;37m-4.8[0;38;2;124;133;154;48;2;27;30;37m dB[0;38;2;74;83;104;48;2;27;30;37m │ [0;38;2;138;168;255;48;2;27;30;37m◆ [0;1;38;2;221;226;234;48;2;27;30;37mfavourite[0;1;38;2;242;193;78;48;2;27;30;37m*[0;48;2;27;30;37m               [0;38;2;124;133;154;48;2;27;30;37m peak [0;38;2;242;163;58;48;2;27;30;37m-6.0[0;38;2;124;133;154;48;2;27;30;37m dB [0m
 [0;4;38;2;138;168;255mM[0;38;2;124;133;154meter[0m [0;4;38;2;138;168;255mT[0;38;2;124;133;154mune[0m [0;4;38;2;138;168;255mI[0;38;2;124;133;154mnstruments[0m [0;4;38;2;138;168;255mP[0;38;2;124;133;154mresets[0m [0;4;38;2;138;168;255mD[0;38;2;124;133;154mevices[0m [0;4;38;2;138;168;255mF[0;38;2;124;133;154milters[0m [0;1;38;2;16;19;26;48;2;138;168;255m Apps [0m [0;4;38;2;138;168;255mS[0;38;2;124;133;154mystem[0m [0;4;38;2;138;168;255mH[0;38;2;124;133;154mistory[0m [0;4;38;2;138;168;255mE[0;38;2;124;133;154mvents[0m
 [0;38;2;114;130;166m╭─[0;1;38;2;162;171;188m app rules [0;38;2;114;130;166m─────────────────────────────────────────[0;38;2;124;133;154m on · experimental · 4 [0;38;2;114;130;166m╮[0m
 [0;38;2;114;130;166m│[0m    [0;38;2;124;133;154mapp[0m                 [0;38;2;124;133;154mpreset[0m                              [0;38;2;124;133;154mnow[0m             [0;38;2;114;130;166m│[0m
 [0;38;2;114;130;166m│[0;1;38;2;138;168;255;48;2;47;61;99m▸[0;48;2;47;61;99m [0;1;38;2;138;168;255;48;2;47;61;99m◉[0;48;2;47;61;99m [0;1;38;2;238;241;246;48;2;47;61;99mSpotify[0;48;2;47;61;99m           [0;38;2;124;133;154;48;2;47;61;99m→ [0;1;38;2;138;168;255;48;2;47;61;99mnight[0;48;2;47;61;99m                               [0;38;2;99;217;158;48;2;47;61;99mheard now[0;48;2;47;61;99m       [0;38;2;114;130;166m│[0m
 [0;38;2;114;130;166m│[0m    [0;38;2;221;226;234mcom.apple.Music[0m   [0;38;2;124;133;154m→ [0;1;38;2;138;168;255mlate jazz[0m                                           [0;38;2;114;130;166m│[0m
 [0;38;2;114;130;166m│[0m    [0;38;2;221;226;234mChrome[0m            [0;38;2;124;133;154m→ [0;1;38;2;138;168;255mpodcast[0m                             [0;38;2;162;171;188mhas audio[0m       [0;38;2;114;130;166m│[0m
 [0;38;2;114;130;166m│[0m    [0;38;2;221;226;234mcom.example.Gone[0m  [0;38;2;124;133;154m→ [0;38;2;242;193;78mvinyl[0m                               [0;38;2;242;193;78mno such preset[0m  [0;38;2;114;130;166m│[0m
 [0;38;2;114;130;166m│[0m                                                                            [0;38;2;114;130;166m│[0m
 [0;38;2;114;130;166m│[0m                                                                            [0;38;2;114;130;166m│[0m
 [0;38;2;114;130;166m│[0m                                                                            [0;38;2;114;130;166m│[0m
 [0;38;2;114;130;166m╰────────────────────────────────────────────────────────────────────────────╯[0m
 [0;38;2;74;83;104m╭─[0;1;38;2;162;171;188m with audio open [0;38;2;74;83;104m───────────────────────────────────────────────────────[0;38;2;124;133;154m 3 [0;38;2;74;83;104m╮[0m
 [0;38;2;74;83;104m│[0m  [0;38;2;138;168;255m●[0m [0;1;38;2;238;241;246mSpotify[0m           [0;38;2;124;133;154m→ [0;38;2;138;168;255mnight[0m                                               [0;38;2;74;83;104m│[0m
 [0;38;2;74;83;104m│[0m  [0;38;2;124;133;154m●[0m [0;38;2;221;226;234mChrome[0m            [0;38;2;124;133;154m→ [0;38;2;138;168;255mpodcast[0m                                             [0;38;2;74;83;104m│[0m
 [0;38;2;74;83;104m│[0m  [0;38;2;124;133;154m●[0m [0;38;2;221;226;234mSafari[0m            [0;38;2;124;133;154mno rule — a adds one[0m                                  [0;38;2;74;83;104m│[0m
 [0;38;2;74;83;104m╰────────────────────────────────────────────────────────────────────────────╯[0m
 [0;38;2;114;130;166;48;2;29;32;38m╭─[0;1;38;2;238;241;246;48;2;29;32;38m an app with audio open [0;38;2;114;130;166;48;2;29;32;38m────────────────────────────────────────────────[0;38;2;124;133;154;48;2;29;32;38m 3 [0;38;2;114;130;166;48;2;29;32;38m╮[0m
 [0;38;2;114;130;166;48;2;29;32;38m│[0;48;2;29;32;38m  [0;38;2;221;226;234;48;2;29;32;38mSpotify[0;48;2;29;32;38m       [0;38;2;124;133;154;48;2;29;32;38mcom.spotify.client · → night[0;48;2;29;32;38m                                [0;38;2;114;130;166;48;2;29;32;38m│[0m
 [0;38;2;114;130;166;48;2;29;32;38m│[0;1;38;2;138;168;255;48;2;47;61;99m▸[0;48;2;47;61;99m [0;1;38;2;238;241;246;48;2;47;61;99mSafari[0;48;2;47;61;99m        [0;38;2;124;133;154;48;2;47;61;99mcom.apple.Safari[0;48;2;47;61;99m                                            [0;38;2;114;130;166;48;2;29;32;38m│[0m
 [0;38;2;114;130;166;48;2;29;32;38m│[0;48;2;29;32;38m  [0;38;2;221;226;234;48;2;29;32;38m“s”[0;48;2;29;32;38m           [0;38;2;124;133;154;48;2;29;32;38mas typed: a bundle ID or an installed app's name[0;48;2;29;32;38m            [0;38;2;114;130;166;48;2;29;32;38m│[0m
 [0;38;2;114;130;166;48;2;29;32;38m╰────────────────────────────────────────────────────────────────────────────╯[0m
 [0;38;2;124;133;154mapp: [0;38;2;221;226;234ms▏[0m
[0;1;38;2;238;241;246;48;2;52;60;77m ↑↓ [0;38;2;124;133;154m choose  [0;1;38;2;238;241;246;48;2;52;60;77m Enter [0;38;2;124;133;154m pick  [0;1;38;2;238;241;246;48;2;52;60;77m Esc [0;38;2;124;133;154m cancel[0m
