[0;38;2;69;80;111;48;2;43;47;58m ◉ [0;38;2;101;103;108;48;2;43;47;58mBE-RCA [0;38;2;48;52;63;48;2;33;35;41m [0;38;2;76;81;89;48;2;33;35;41m44.1 kHz[0;38;2;48;52;63;48;2;33;35;41m │ [0;38;2;64;68;79;48;2;33;35;41mpreamp [0;38;2;102;66;89;48;2;33;35;41m-4.8[0;38;2;64;68;79;48;2;33;35;41m dB[0;38;2;48;52;63;48;2;33;35;41m │ [0;38;2;69;80;111;48;2;33;35;41m◆ [0;38;2;95;98;104;48;2;33;35;41mfavourite[0;38;2;102;88;54;48;2;33;35;41m*[0;38;2;48;52;63;48;2;33;35;41m │ [0;38;2;59;84;111;48;2;33;35;41m● [0;38;2;95;98;104;48;2;33;35;41mvoice [0;38;2;56;95;80;48;2;33;35;41m+3.0[0;38;2;48;52;63;48;2;33;35;41m │ [0;38;2;64;68;79;48;2;33;35;41mfocus: [0;38;2;59;84;111;48;2;33;35;41mvoice[0;38;2;76;81;89;48;2;33;35;41m (85 Hz–9 kHz)[0;38;2;95;98;104;48;2;33;35;41m           [0;38;2;64;68;79;48;2;33;35;41m peak [0;38;2;102;78;48;48;2;33;35;41m-6.0[0;38;2;64;68;79;48;2;33;35;41m dB [0m
[0;38;2;61;67;82m╭─[0;38;2;76;81;89m meter [0;38;2;61;67;82m───────────────────────────────────────────────────────────────────[0;38;2;64;68;79m dBFS · gain dB [0;38;2;61;67;82m╮[0;38;2;48;52;63m╭─[0;38;2;76;81;89m output [0;38;2;48;52;63m────────────────╮[0m
[0;38;2;61;67;82m│[0m                    [0;38;2;51;68;87m┌────────────┐[0m [0;38;2;51;68;87m┌───[0m [0;38;2;51;68;87mF1[0m [0;38;2;51;68;87m────┐[0m [0;38;2;51;68;87m┌──[0m [0;38;2;51;68;87mF2[0m [0;38;2;51;68;87m──┐[0m [0;38;2;59;84;111m┌──────┐[0m [0;38;2;51;68;87m┌────┐[0m                [0;38;2;61;67;82m│[0;38;2;48;52;63m│[0m [0;38;2;64;68;79mpeak [0;38;2;33;58;58m█[0;38;2;33;60;59m█[0;38;2;34;64;60m█[0;38;2;34;66;61m█[0;38;2;34;69;63m█[0;38;2;35;73;64m█[0;38;2;39;78;64m█[0;38;2;43;82;65m█[0;38;2;47;87;66m█[0;38;2;59;90;63m█[0;38;2;85;90;56m█[0;38;2;44;48;56m·[0;38;2;101;103;108m▏[0m [0;38;2;95;98;104m -6.0[0;38;2;48;52;63m│[0m
[0;38;2;61;67;82m│[0;38;2;64;68;79m  0[0m [0;38;2;48;52;63m┤[0m                                                                                 [0;38;2;48;52;63m├[0;38;2;64;68;79m+12[0m [0;38;2;61;67;82m│[0;38;2;48;52;63m│[0m [0;38;2;64;68;79mlimit [0;38;2;44;48;56m●[0m [0;38;2;64;68;79midle[0m            [0;38;2;48;52;63m│[0m
[0;38;2;61;67;82m│[0m       [0;38;2;55;49;51m▔▔▔▔▔[0m   [0;38;2;104;77;70m▔▔▔▔▔[0m                                                                       [0;38;2;61;67;82m│[0;38;2;48;52;63m╰─────────────────────────╯[0m
[0;38;2;61;67;82m│[0;38;2;64;68;79m -6[0m [0;38;2;48;52;63m┤[0m          [0;38;2;43;47;57m░░░░░[0m                                                                       [0;38;2;61;67;82m│[0;38;2;48;52;63m╭─[0;38;2;76;81;89m dynamics [0;38;2;48;52;63m──────────────╮[0m
[0;38;2;61;67;82m│[0m       [0;38;2;43;47;57m░░░░░[0m   [0;38;2;98;83;51m▆▆▆▆▆[0m   [0;38;2;101;92;72m▔▔▔▔▔[0m                                                               [0;38;2;61;67;82m│[0;38;2;48;52;63m│[0m [0;38;2;64;68;79mcomp[0m  [0;38;2;69;80;111mnight[0m             [0;38;2;48;52;63m│[0m
[0;38;2;61;67;82m│[0;38;2;114;130;166;48;2;29;32;38m╭─[0;1;38;2;238;241;246;48;2;29;32;38m instruments [0;38;2;114;130;166;48;2;29;32;38m───────────────────────────────────────────────────────────────────────────[0;38;2;124;133;154;48;2;29;32;38m 8 instruments · 17 ranges [0;38;2;114;130;166;48;2;29;32;38m╮[0;38;2;48;52;63m│[0m
[0;38;2;61;67;82m│[0;38;2;114;130;166;48;2;29;32;38m│[0;48;2;29;32;38m     [0;38;2;124;133;154;48;2;29;32;38minstrument[0;48;2;29;32;38m           [0;38;2;124;133;154;48;2;29;32;38m knob[0;48;2;29;32;38m   [0;38;2;124;133;154;48;2;29;32;38mrange[0;48;2;29;32;38m         [0;38;2;124;133;154;48;2;29;32;38mHz[0;48;2;29;32;38m            [0;38;2;124;133;154;48;2;29;32;38m32[0;48;2;29;32;38m       [0;38;2;124;133;154;48;2;29;32;38m250[0;48;2;29;32;38m     [0;38;2;124;133;154;48;2;29;32;38m2k[0;48;2;29;32;38m       [0;38;2;124;133;154;48;2;29;32;38m16k[0;48;2;29;32;38m  [0;38;2;124;133;154;48;2;29;32;38mbands[0;48;2;29;32;38m                  [0;38;2;114;130;166;48;2;29;32;38m│[0;38;2;48;52;63m│[0m
[0;38;2;61;67;82m│[0;38;2;114;130;166;48;2;29;32;38m│[0;48;2;29;32;38m   [0;38;2;255;122;89;48;2;29;32;38m●[0;48;2;29;32;38m [0;38;2;221;226;234;48;2;29;32;38mkick[0;48;2;29;32;38m     [0;38;2;61;68;84;48;2;29;32;38m┄┄┄┄┄[0;38;2;114;130;166;48;2;29;32;38m┼[0;38;2;61;68;84;48;2;29;32;38m┄┄┄┄┄[0;48;2;29;32;38m [0;38;2;124;133;154;48;2;29;32;38m +0.0[0;48;2;29;32;38m [0;38;2;255;122;89;48;2;29;32;38m◆[0;48;2;29;32;38m [0;1;38;2;221;226;234;48;2;29;32;38mthump[0;48;2;29;32;38m         [0;38;2;162;171;188;48;2;29;32;38m50–100[0;48;2;29;32;38m       [0;38;2;61;68;84;48;2;29;32;38m┈┈[0;38;2;74;83;104;48;2;29;32;38m┊[0;38;2;61;68;84;48;2;29;32;38m┈[0;38;2;255;122;89;48;2;29;32;38m━━━━[0;38;2;61;68;84;48;2;29;32;38m┈┈┈[0;38;2;74;83;104;48;2;29;32;38m┊[0;38;2;61;68;84;48;2;29;32;38m┈┈┈┈┈┈┈[0;38;2;74;83;104;48;2;29;32;38m┊[0;38;2;61;68;84;48;2;29;32;38m┈┈┈┈┈┈┈┈[0;38;2;74;83;104;48;2;29;32;38m┊[0;38;2;61;68;84;48;2;29;32;38m┈[0;48;2;29;32;38m  [0;38;2;124;133;154;48;2;29;32;38m64 125[0;48;2;29;32;38m                 [0;38;2;114;130;166;48;2;29;32;38m│[0;38;2;48;52;63m╯[0m
[0;38;2;61;67;82m│[0;38;2;114;130;166;48;2;29;32;38m│[0;48;2;29;32;38m                                [0;38;2;255;122;89;48;2;29;32;38m [0;48;2;29;32;38m [0;38;2;162;171;188;48;2;29;32;38mbeater click[0;48;2;29;32;38m  [0;38;2;162;171;188;48;2;29;32;38m2k–5k[0;48;2;29;32;38m        [0;38;2;61;68;84;48;2;29;32;38m┈┈[0;38;2;74;83;104;48;2;29;32;38m┊[0;38;2;61;68;84;48;2;29;32;38m┈┈┈┈┈┈┈┈[0;38;2;74;83;104;48;2;29;32;38m┊[0;38;2;61;68;84;48;2;29;32;38m┈┈┈┈┈┈┈[0;38;2;156;84;68;48;2;29;32;38m━━━━━[0;38;2;61;68;84;48;2;29;32;38m┈┈┈┈[0;38;2;74;83;104;48;2;29;32;38m┊[0;38;2;61;68;84;48;2;29;32;38m┈[0;48;2;29;32;38m  [0;38;2;124;133;154;48;2;29;32;38m2k 4k[0;48;2;29;32;38m                  [0;38;2;114;130;166;48;2;29;32;38m│[0;38;2;48;52;63m╮[0m
[0;38;2;61;67;82m│[0;38;2;114;130;166;48;2;29;32;38m│[0;48;2;29;32;38m   [0;38;2;255;174;87;48;2;29;32;38m●[0;48;2;29;32;38m [0;38;2;221;226;234;48;2;29;32;38mbass[0;48;2;29;32;38m     [0;38;2;61;68;84;48;2;29;32;38m┄┄┄┄┄[0;38;2;114;130;166;48;2;29;32;38m┼[0;38;2;61;68;84;48;2;29;32;38m┄┄┄┄┄[0;48;2;29;32;38m [0;38;2;124;133;154;48;2;29;32;38m +0.0[0;48;2;29;32;38m [0;38;2;255;174;87;48;2;29;32;38m [0;48;2;29;32;38m [0;38;2;162;171;188;48;2;29;32;38mfundamental[0;48;2;29;32;38m   [0;38;2;162;171;188;48;2;29;32;38m40–250[0;48;2;29;32;38m       [0;38;2;61;68;84;48;2;29;32;38m┈┈[0;38;2;74;83;104;48;2;29;32;38m┊[0;38;2;156;113;67;48;2;29;32;38m━━━━━━━━━[0;38;2;61;68;84;48;2;29;32;38m┈┈┈┈┈┈┈[0;38;2;74;83;104;48;2;29;32;38m┊[0;38;2;61;68;84;48;2;29;32;38m┈┈┈┈┈┈┈┈[0;38;2;74;83;104;48;2;29;32;38m┊[0;38;2;61;68;84;48;2;29;32;38m┈[0;48;2;29;32;38m  [0;38;2;124;133;154;48;2;29;32;38m32 64 125 250[0;48;2;29;32;38m          [0;38;2;114;130;166;48;2;29;32;38m│[0;38;2;48;52;63m│[0m
[0;38;2;61;67;82m│[0;38;2;114;130;166;48;2;29;32;38m│[0;48;2;29;32;38m                                [0;38;2;255;174;87;48;2;29;32;38m◆[0;48;2;29;32;38m [0;1;38;2;221;226;234;48;2;29;32;38mgrowl/attack[0;48;2;29;32;38m  [0;38;2;162;171;188;48;2;29;32;38m700–1.2k[0;48;2;29;32;38m     [0;38;2;61;68;84;48;2;29;32;38m┈┈[0;38;2;74;83;104;48;2;29;32;38m┊[0;38;2;61;68;84;48;2;29;32;38m┈┈┈┈┈┈┈┈[0;38;2;74;83;104;48;2;29;32;38m┊[0;38;2;61;68;84;48;2;29;32;38m┈┈┈[0;38;2;255;174;87;48;2;29;32;38m━━━[0;38;2;61;68;84;48;2;29;32;38m┈[0;38;2;74;83;104;48;2;29;32;38m┊[0;38;2;61;68;84;48;2;29;32;38m┈┈┈┈┈┈┈┈[0;38;2;74;83;104;48;2;29;32;38m┊[0;38;2;61;68;84;48;2;29;32;38m┈[0;48;2;29;32;38m  [0;38;2;124;133;154;48;2;29;32;38m500 1k[0;48;2;29;32;38m                 [0;38;2;114;130;166;48;2;29;32;38m│[0;38;2;48;52;63m│[0m
[0;38;2;61;67;82m│[0;38;2;114;130;166;48;2;29;32;38m│[0;48;2;29;32;38m   [0;38;2;255;217;102;48;2;29;32;38m●[0;48;2;29;32;38m [0;38;2;221;226;234;48;2;29;32;38msnare[0;48;2;29;32;38m    [0;38;2;61;68;84;48;2;29;32;38m┄┄┄┄┄[0;38;2;114;130;166;48;2;29;32;38m┼[0;38;2;61;68;84;48;2;29;32;38m┄┄┄┄┄[0;48;2;29;32;38m [0;38;2;124;133;154;48;2;29;32;38m +0.0[0;48;2;29;32;38m [0;38;2;255;217;102;48;2;29;32;38m [0;48;2;29;32;38m [0;38;2;162;171;188;48;2;29;32;38mbody[0;48;2;29;32;38m          [0;38;2;162;171;188;48;2;29;32;38m150–250[0;48;2;29;32;38m      [0;38;2;61;68;84;48;2;29;32;38m┈┈[0;38;2;74;83;104;48;2;29;32;38m┊[0;38;2;61;68;84;48;2;29;32;38m┈┈┈┈┈[0;38;2;156;136;75;48;2;29;32;38m━━━━[0;38;2;61;68;84;48;2;29;32;38m┈┈┈┈┈┈┈[0;38;2;74;83;104;48;2;29;32;38m┊[0;38;2;61;68;84;48;2;29;32;38m┈┈┈┈┈┈┈┈[0;38;2;74;83;104;48;2;29;32;38m┊[0;38;2;61;68;84;48;2;29;32;38m┈[0;48;2;29;32;38m  [0;38;2;124;133;154;48;2;29;32;38m125 250[0;48;2;29;32;38m                [0;38;2;114;130;166;48;2;29;32;38m│[0;38;2;48;52;63m│[0m
[0;38;2;61;67;82m│[0;38;2;114;130;166;48;2;29;32;38m│[0;48;2;29;32;38m                                [0;38;2;255;217;102;48;2;29;32;38m◆[0;48;2;29;32;38m [0;1;38;2;221;226;234;48;2;29;32;38mcrack[0;48;2;29;32;38m         [0;38;2;162;171;188;48;2;29;32;38m4k–6k[0;48;2;29;32;38m        [0;38;2;61;68;84;48;2;29;32;38m┈┈[0;38;2;74;83;104;48;2;29;32;38m┊[0;38;2;61;68;84;48;2;29;32;38m┈┈┈┈┈┈┈┈[0;38;2;74;83;104;48;2;29;32;38m┊[0;38;2;61;68;84;48;2;29;32;38m┈┈┈┈┈┈┈[0;38;2;74;83;104;48;2;29;32;38m┊[0;38;2;61;68;84;48;2;29;32;38m┈┈[0;38;2;255;217;102;48;2;29;32;38m━━━[0;38;2;61;68;84;48;2;29;32;38m┈┈┈[0;38;2;74;83;104;48;2;29;32;38m┊[0;38;2;61;68;84;48;2;29;32;38m┈[0;48;2;29;32;38m  [0;38;2;124;133;154;48;2;29;32;38m4k 8k[0;48;2;29;32;38m                  [0;38;2;114;130;166;48;2;29;32;38m│[0;38;2;48;52;63m╯[0m
[0;38;2;61;67;82m│[0;38;2;114;130;166;48;2;29;32;38m│[0;48;2;29;32;38m   [0;38;2;181;227;107;48;2;29;32;38m●[0;48;2;29;32;38m [0;38;2;221;226;234;48;2;29;32;38mguitar[0;48;2;29;32;38m   [0;38;2;61;68;84;48;2;29;32;38m┄┄┄┄┄[0;38;2;114;130;166;48;2;29;32;38m┼[0;38;2;61;68;84;48;2;29;32;38m┄┄┄┄┄[0;48;2;29;32;38m [0;38;2;124;133;154;48;2;29;32;38m +0.0[0;48;2;29;32;38m [0;38;2;181;227;107;48;2;29;32;38m [0;48;2;29;32;38m [0;38;2;162;171;188;48;2;29;32;38mbody[0;48;2;29;32;38m          [0;38;2;162;171;188;48;2;29;32;38m80–1.2k[0;48;2;29;32;38m      [0;38;2;61;68;84;48;2;29;32;38m┈┈[0;38;2;74;83;104;48;2;29;32;38m┊[0;38;2;61;68;84;48;2;29;32;38m┈┈┈[0;38;2;116;142;78;48;2;29;32;38m━━━━━━━━━━━━[0;38;2;61;68;84;48;2;29;32;38m┈[0;38;2;74;83;104;48;2;29;32;38m┊[0;38;2;61;68;84;48;2;29;32;38m┈┈┈┈┈┈┈┈[0;38;2;74;83;104;48;2;29;32;38m┊[0;38;2;61;68;84;48;2;29;32;38m┈[0;48;2;29;32;38m  [0;38;2;124;133;154;48;2;29;32;38m64 … 1k  (5)[0;48;2;29;32;38m           [0;38;2;114;130;166;48;2;29;32;38m│[0;38;2;61;67;82m╮[0m
[0;38;2;61;67;82m│[0;38;2;114;130;166;48;2;29;32;38m│[0;48;2;29;32;38m                                [0;38;2;181;227;107;48;2;29;32;38m◆[0;48;2;29;32;38m [0;1;38;2;221;226;234;48;2;29;32;38mbite[0;48;2;29;32;38m          [0;38;2;162;171;188;48;2;29;32;38m2k–5k[0;48;2;29;32;38m        [0;38;2;61;68;84;48;2;29;32;38m┈┈[0;38;2;74;83;104;48;2;29;32;38m┊[0;38;2;61;68;84;48;2;29;32;38m┈┈┈┈┈┈┈┈[0;38;2;74;83;104;48;2;29;32;38m┊[0;38;2;61;68;84;48;2;29;32;38m┈┈┈┈┈┈┈[0;38;2;181;227;107;48;2;29;32;38m━━━━━[0;38;2;61;68;84;48;2;29;32;38m┈┈┈┈[0;38;2;74;83;104;48;2;29;32;38m┊[0;38;2;61;68;84;48;2;29;32;38m┈[0;48;2;29;32;38m  [0;38;2;124;133;154;48;2;29;32;38m2k 4k[0;48;2;29;32;38m                  [0;38;2;114;130;166;48;2;29;32;38m│[0;38;2;61;67;82m│[0m
[0;38;2;61;67;82m│[0;38;2;114;130;166;48;2;29;32;38m│[0;48;2;29;32;38m   [0;38;2;79;214;196;48;2;29;32;38m●[0;48;2;29;32;38m [0;38;2;221;226;234;48;2;29;32;38mpiano[0;48;2;29;32;38m    [0;38;2;61;68;84;48;2;29;32;38m┄┄┄┄┄[0;38;2;114;130;166;48;2;29;32;38m┼[0;38;2;61;68;84;48;2;29;32;38m┄┄┄┄┄[0;48;2;29;32;38m [0;38;2;124;133;154;48;2;29;32;38m +0.0[0;48;2;29;32;38m [0;38;2;79;214;196;48;2;29;32;38m [0;48;2;29;32;38m [0;38;2;162;171;188;48;2;29;32;38mfundamental[0;48;2;29;32;38m   [0;38;2;162;171;188;48;2;29;32;38m27–4.2k[0;48;2;29;32;38m      [0;38;2;61;68;84;48;2;29;32;38m┈[0;38;2;60;135;127;48;2;29;32;38m━━━━━━━━━━━━━━━━━━━━━━[0;38;2;61;68;84;48;2;29;32;38m┈┈┈┈┈[0;38;2;74;83;104;48;2;29;32;38m┊[0;38;2;61;68;84;48;2;29;32;38m┈[0;48;2;29;32;38m  [0;38;2;124;133;154;48;2;29;32;38m32 … 4k  (8)[0;48;2;29;32;38m           [0;38;2;114;130;166;48;2;29;32;38m│[0;38;2;61;67;82m│[0m
[0;38;2;61;67;82m│[0;38;2;114;130;166;48;2;29;32;38m│[0;48;2;29;32;38m                                [0;38;2;79;214;196;48;2;29;32;38m◆[0;48;2;29;32;38m [0;1;38;2;221;226;234;48;2;29;32;38mbrightness[0;48;2;29;32;38m    [0;38;2;162;171;188;48;2;29;32;38m4k–8k[0;48;2;29;32;38m        [0;38;2;61;68;84;48;2;29;32;38m┈┈[0;38;2;74;83;104;48;2;29;32;38m┊[0;38;2;61;68;84;48;2;29;32;38m┈┈┈┈┈┈┈┈[0;38;2;74;83;104;48;2;29;32;38m┊[0;38;2;61;68;84;48;2;29;32;38m┈┈┈┈┈┈┈[0;38;2;74;83;104;48;2;29;32;38m┊[0;38;2;61;68;84;48;2;29;32;38m┈┈[0;38;2;79;214;196;48;2;29;32;38m━━━━[0;38;2;61;68;84;48;2;29;32;38m┈┈[0;38;2;74;83;104;48;2;29;32;38m┊[0;38;2;61;68;84;48;2;29;32;38m┈[0;48;2;29;32;38m  [0;38;2;124;133;154;48;2;29;32;38m4k 8k[0;48;2;29;32;38m                  [0;38;2;114;130;166;48;2;29;32;38m│[0;38;2;61;67;82m│[0m
[0;38;2;61;67;82m│[0;38;2;114;130;166;48;2;29;32;38m│[0;48;2;47;61;99m [0;1;38;2;138;168;255;48;2;47;61;99m▸[0;48;2;47;61;99m [0;38;2;108;182;255;48;2;47;61;99m●[0;48;2;47;61;99m [0;1;38;2;238;241;246;48;2;47;61;99mvoice[0;48;2;47;61;99m    [0;38;2;61;68;84;48;2;47;61;99m┄┄┄┄┄[0;38;2;114;130;166;48;2;47;61;99m┼[0;38;2;99;217;158;48;2;47;61;99m●[0;38;2;61;68;84;48;2;47;61;99m┄┄┄┄[0;48;2;47;61;99m [0;38;2;99;217;158;48;2;47;61;99m +3.0[0;48;2;47;61;99m [0;38;2;108;182;255;48;2;47;61;99m [0;48;2;47;61;99m [0;38;2;162;171;188;48;2;47;61;99mfundamental[0;48;2;47;61;99m   [0;38;2;162;171;188;48;2;47;61;99m85–255[0;48;2;47;61;99m       [0;38;2;61;68;84;48;2;47;61;99m┈┈[0;38;2;74;83;104;48;2;47;61;99m┊[0;38;2;61;68;84;48;2;47;61;99m┈┈┈[0;38;2;108;182;255;48;2;47;61;99m━━━━━━[0;38;2;61;68;84;48;2;47;61;99m┈┈┈┈┈┈┈[0;38;2;74;83;104;48;2;47;61;99m┊[0;38;2;61;68;84;48;2;47;61;99m┈┈┈┈┈┈┈┈[0;38;2;74;83;104;48;2;47;61;99m┊[0;38;2;61;68;84;48;2;47;61;99m┈[0;48;2;47;61;99m  [0;38;2;162;171;188;48;2;47;61;99m64 125 250[0;48;2;47;61;99m             [0;38;2;114;130;166;48;2;29;32;38m│[0;38;2;61;67;82m│[0m
[0;38;2;61;67;82m│[0;38;2;114;130;166;48;2;29;32;38m│[0;48;2;47;61;99m                                [0;38;2;108;182;255;48;2;47;61;99m [0;48;2;47;61;99m [0;38;2;162;171;188;48;2;47;61;99mF1[0;48;2;47;61;99m            [0;38;2;162;171;188;48;2;47;61;99m300–1k[0;48;2;47;61;99m       [0;38;2;61;68;84;48;2;47;61;99m┈┈[0;38;2;74;83;104;48;2;47;61;99m┊[0;38;2;61;68;84;48;2;47;61;99m┈┈┈┈┈┈┈┈[0;38;2;108;182;255;48;2;47;61;99m━━━━━━[0;38;2;61;68;84;48;2;47;61;99m┈┈[0;38;2;74;83;104;48;2;47;61;99m┊[0;38;2;61;68;84;48;2;47;61;99m┈┈┈┈┈┈┈┈[0;38;2;74;83;104;48;2;47;61;99m┊[0;38;2;61;68;84;48;2;47;61;99m┈[0;48;2;47;61;99m  [0;38;2;162;171;188;48;2;47;61;99m250 500 1k[0;48;2;47;61;99m             [0;38;2;114;130;166;48;2;29;32;38m│[0;38;2;61;67;82m│[0m
[0;38;2;61;67;82m│[0;38;2;114;130;166;48;2;29;32;38m│[0;48;2;47;61;99m                                [0;38;2;108;182;255;48;2;47;61;99m [0;48;2;47;61;99m [0;38;2;162;171;188;48;2;47;61;99mF2[0;48;2;47;61;99m            [0;38;2;162;171;188;48;2;47;61;99m900–2.8k[0;48;2;47;61;99m     [0;38;2;61;68;84;48;2;47;61;99m┈┈[0;38;2;74;83;104;48;2;47;61;99m┊[0;38;2;61;68;84;48;2;47;61;99m┈┈┈┈┈┈┈┈[0;38;2;74;83;104;48;2;47;61;99m┊[0;38;2;61;68;84;48;2;47;61;99m┈┈┈┈[0;38;2;108;182;255;48;2;47;61;99m━━━━━━[0;38;2;61;68;84;48;2;47;61;99m┈┈┈┈┈┈[0;38;2;74;83;104;48;2;47;61;99m┊[0;38;2;61;68;84;48;2;47;61;99m┈[0;48;2;47;61;99m  [0;38;2;162;171;188;48;2;47;61;99m1k 2k[0;48;2;47;61;99m                  [0;38;2;114;130;166;48;2;29;32;38m│[0;38;2;61;67;82m│[0m
[0;38;2;61;67;82m│[0;38;2;114;130;166;48;2;29;32;38m│[0;48;2;47;61;99m                                [0;38;2;108;182;255;48;2;47;61;99m◆[0;48;2;47;61;99m [0;1;38;2;221;226;234;48;2;47;61;99mpresence[0;48;2;47;61;99m      [0;38;2;162;171;188;48;2;47;61;99m2k–5k[0;48;2;47;61;99m        [0;38;2;61;68;84;48;2;47;61;99m┈┈[0;38;2;74;83;104;48;2;47;61;99m┊[0;38;2;61;68;84;48;2;47;61;99m┈┈┈┈┈┈┈┈[0;38;2;74;83;104;48;2;47;61;99m┊[0;38;2;61;68;84;48;2;47;61;99m┈┈┈┈┈┈┈[0;38;2;108;182;255;48;2;47;61;99m━━━━━[0;38;2;61;68;84;48;2;47;61;99m┈┈┈┈[0;38;2;74;83;104;48;2;47;61;99m┊[0;38;2;61;68;84;48;2;47;61;99m┈[0;48;2;47;61;99m  [0;38;2;162;171;188;48;2;47;61;99m2k 4k[0;48;2;47;61;99m                  [0;38;2;114;130;166;48;2;29;32;38m│[0;38;2;61;67;82m│[0m
[0;38;2;61;67;82m│[0;38;2;114;130;166;48;2;29;32;38m│[0;48;2;47;61;99m                                [0;38;2;108;182;255;48;2;47;61;99m [0;48;2;47;61;99m [0;38;2;162;171;188;48;2;47;61;99msibilance[0;48;2;47;61;99m     [0;38;2;162;171;188;48;2;47;61;99m5k–9k[0;48;2;47;61;99m        [0;38;2;61;68;84;48;2;47;61;99m┈┈[0;38;2;74;83;104;48;2;47;61;99m┊[0;38;2;61;68;84;48;2;47;61;99m┈┈┈┈┈┈┈┈[0;38;2;74;83;104;48;2;47;61;99m┊[0;38;2;61;68;84;48;2;47;61;99m┈┈┈┈┈┈┈[0;38;2;74;83;104;48;2;47;61;99m┊[0;38;2;61;68;84;48;2;47;61;99m┈┈┈[0;38;2;108;182;255;48;2;47;61;99m━━━━[0;38;2;61;68;84;48;2;47;61;99m┈[0;38;2;74;83;104;48;2;47;61;99m┊[0;38;2;61;68;84;48;2;47;61;99m┈[0;48;2;47;61;99m  [0;38;2;162;171;188;48;2;47;61;99m4k 8k[0;48;2;47;61;99m                  [0;38;2;114;130;166;48;2;29;32;38m│[0;38;2;61;67;82m│[0m
[0;38;2;61;67;82m│[0;38;2;114;130;166;48;2;29;32;38m│[0;48;2;29;32;38m   [0;38;2;185;156;255;48;2;29;32;38m●[0;48;2;29;32;38m [0;38;2;221;226;234;48;2;29;32;38mcymbals[0;48;2;29;32;38m  [0;38;2;61;68;84;48;2;29;32;38m┄┄┄┄┄[0;38;2;114;130;166;48;2;29;32;38m┼[0;38;2;61;68;84;48;2;29;32;38m┄┄┄┄┄[0;48;2;29;32;38m [0;38;2;124;133;154;48;2;29;32;38m +0.0[0;48;2;29;32;38m [0;38;2;185;156;255;48;2;29;32;38m◆[0;48;2;29;32;38m [0;1;38;2;221;226;234;48;2;29;32;38mshimmer[0;48;2;29;32;38m       [0;38;2;162;171;188;48;2;29;32;38m6k–16k[0;48;2;29;32;38m       [0;38;2;61;68;84;48;2;29;32;38m┈┈[0;38;2;74;83;104;48;2;29;32;38m┊[0;38;2;61;68;84;48;2;29;32;38m┈┈┈┈┈┈┈┈[0;38;2;74;83;104;48;2;29;32;38m┊[0;38;2;61;68;84;48;2;29;32;38m┈┈┈┈┈┈┈[0;38;2;74;83;104;48;2;29;32;38m┊[0;38;2;61;68;84;48;2;29;32;38m┈┈┈┈[0;38;2;185;156;255;48;2;29;32;38m━━━━━[0;38;2;61;68;84;48;2;29;32;38m┈[0;48;2;29;32;38m  [0;38;2;124;133;154;48;2;29;32;38m8k 16k[0;48;2;29;32;38m                 [0;38;2;114;130;166;48;2;29;32;38m│[0;38;2;61;67;82m╯[0m
[0;38;2;61;67;82m│[0;38;2;114;130;166;48;2;29;32;38m│[0;48;2;29;32;38m   [0;38;2;245;144;214;48;2;29;32;38m●[0;48;2;29;32;38m [0;38;2;221;226;234;48;2;29;32;38mair[0;48;2;29;32;38m      [0;38;2;61;68;84;48;2;29;32;38m┄┄┄┄┄[0;38;2;114;130;166;48;2;29;32;38m┼[0;38;2;61;68;84;48;2;29;32;38m┄┄┄┄┄[0;48;2;29;32;38m [0;38;2;124;133;154;48;2;29;32;38m +0.0[0;48;2;29;32;38m [0;38;2;245;144;214;48;2;29;32;38m◆[0;48;2;29;32;38m [0;1;38;2;221;226;234;48;2;29;32;38msparkle[0;48;2;29;32;38m       [0;38;2;162;171;188;48;2;29;32;38m10k–20k[0;48;2;29;32;38m      [0;38;2;61;68;84;48;2;29;32;38m┈┈[0;38;2;74;83;104;48;2;29;32;38m┊[0;38;2;61;68;84;48;2;29;32;38m┈┈┈┈┈┈┈┈[0;38;2;74;83;104;48;2;29;32;38m┊[0;38;2;61;68;84;48;2;29;32;38m┈┈┈┈┈┈┈[0;38;2;74;83;104;48;2;29;32;38m┊[0;38;2;61;68;84;48;2;29;32;38m┈┈┈┈┈┈[0;38;2;245;144;214;48;2;29;32;38m━━━━[0;48;2;29;32;38m  [0;38;2;124;133;154;48;2;29;32;38m8k 16k[0;48;2;29;32;38m                 [0;38;2;114;130;166;48;2;29;32;38m│[0m
[0;38;2;61;67;82m│[0;38;2;114;130;166;48;2;29;32;38m╰────────────────────────────────────────────────────────────────────────────────────────────────────────────────────╯[0m
[0;38;2;61;67;82m│[0m       [0;38;2;95;98;104;48;2;35;44;47m     [0m   [0;38;2;95;98;104;48;2;33;59;59m     [0m   [0;38;2;95;98;104;48;2;33;59;59m     [0m   [0;38;2;95;98;104;48;2;33;59;59m     [0m   [0;38;2;95;98;104;48;2;33;59;59m     [0m   [0;38;2;95;98;104;48;2;33;59;59m     [0m   [0;38;2;95;98;104;48;2;33;59;59m     [0m   [0;38;2;95;98;104;48;2;33;59;59m     [0m   [0;38;2;95;98;104;48;2;33;59;59m     [0m   [0;38;2;95;98;104;48;2;35;44;47m     [0m       [0;38;2;61;67;82m│[0m
[0;38;2;61;67;82m│[0m       [0;38;2;95;98;104;48;2;35;44;47m     [0m   [0;38;2;95;98;104;48;2;33;58;58m     [0m   [0;38;2;95;98;104;48;2;33;58;58m     [0m   [0;38;2;95;98;104;48;2;33;58;58m     [0m   [0;38;2;95;98;104;48;2;33;58;58m     [0m   [0;38;2;95;98;104;48;2;33;58;58m     [0m   [0;38;2;95;98;104;48;2;33;58;58m     [0m   [0;38;2;95;98;104;48;2;33;58;58m     [0m   [0;38;2;95;98;104;48;2;33;58;58m     [0m   [0;38;2;95;98;104;48;2;35;44;47m     [0m       [0;38;2;61;67;82m│[0m
[0;38;2;61;67;82m│[0;38;2;64;68;79m-60[0m [0;38;2;48;52;63m┤[0m  [0;38;2;95;98;104;48;2;35;43;47m     [0m   [0;38;2;95;98;104;48;2;33;57;57m     [0m   [0;38;2;95;98;104;48;2;33;57;57m     [0m   [0;38;2;95;98;104;48;2;33;57;57m     [0m   [0;38;2;95;98;104;48;2;33;57;57m     [0m   [0;38;2;95;98;104;48;2;33;57;57m     [0m   [0;38;2;95;98;104;48;2;33;57;57m     [0m   [0;38;2;95;98;104;48;2;33;57;57m     [0m   [0;38;2;95;98;104;48;2;33;57;57m     [0m   [0;38;2;95;98;104;48;2;35;43;47m     [0m  [0;38;2;48;52;63m├[0;38;2;64;68;79m-12[0m [0;38;2;61;67;82m│[0m
[0;38;2;61;67;82m╰───────────────────────────────────────────────────────────────────────────────────────────╯[0m
         [0;38;2;53;52;46m-9[0m      [0;38;2;99;82;50m-8[0m      [0;38;2;88;90;56m-11[0m     [0;38;2;66;90;62m-15[0m     [0;38;2;48;89;66m-19[0m     [0;38;2;55;90;64m-17[0m     [0;38;2;46;86;65m-22[0m     [0;38;2;42;82;65m-26[0m     [0;38;2;40;79;64m-29[0m     [0;38;2;36;47;49m-37[0m
        [0;38;2;64;68;79m32Hz[0m    [0;38;2;76;81;89m64Hz[0m    [0;38;2;76;81;89m125Hz[0m   [0;38;2;76;81;89m250Hz[0m   [0;38;2;76;81;89m500Hz[0m   [0;38;2;76;81;89m1kHz[0m    [0;38;2;76;81;89m2kHz[0m    [0;38;2;76;81;89m4kHz[0m    [0;38;2;76;81;89m8kHz[0m    [0;38;2;64;68;79m16kHz[0m
        [0;38;2;64;68;79m+4.8[0m   [0;38;2;56;95;80;48;2;39;47;49m +4.0 [0m  [0;38;2;56;95;80;48;2;39;47;49m +4.2 [0m  [0;38;2;56;95;80;48;2;39;47;49m +2.3 [0m   [0;38;2;64;68;79m 0.0 [0m  [0;38;2;102;66;89;48;2;47;42;50m -3.1 [0m   [0;38;2;64;68;79m 0.0 [0m   [0;38;2;64;68;79m 0.0 [0m  [0;38;2;56;95;80;48;2;39;47;49m +3.1 [0m   [0;38;2;64;68;79m+2.4[0m

[0;1;38;2;238;241;246;48;2;52;60;77m ↑↓ [0;38;2;124;133;154m scroll  [0;1;38;2;238;241;246;48;2;52;60;77m Esc [0;38;2;124;133;154m close[0m
