[0;38;2;69;80;111;48;2;43;47;58m ◉ [0;38;2;101;103;108;48;2;43;47;58mBE-RCA [0;38;2;48;52;63;48;2;33;35;41m [0;38;2;76;81;89;48;2;33;35;41m44.1 kHz[0;38;2;48;52;63;48;2;33;35;41m │ [0;38;2;64;68;79;48;2;33;35;41mpreamp [0;38;2;102;66;89;48;2;33;35;41m-4.8[0;38;2;64;68;79;48;2;33;35;41m dB[0;38;2;48;52;63;48;2;33;35;41m │ [0;38;2;69;80;111;48;2;33;35;41m◆ [0;38;2;95;98;104;48;2;33;35;41mfavourite[0;38;2;102;88;54;48;2;33;35;41m*[0;38;2;48;52;63;48;2;33;35;41m │ [0;38;2;59;84;111;48;2;33;35;41m● [0;38;2;95;98;104;48;2;33;35;41mvoice [0;38;2;56;95;80;48;2;33;35;41m+3.0[0;38;2;48;52;63;48;2;33;35;41m │ [0;38;2;64;68;79;48;2;33;35;41mbass [0;38;2;56;95;80;48;2;33;35;41m+1[0;38;2;64;68;79;48;2;33;35;41m treble [0;38;2;102;66;89;48;2;33;35;41m-0.5[0;38;2;95;98;104;48;2;33;35;41m                  [0;38;2;64;68;79;48;2;33;35;41m peak [0;38;2;102;78;48;48;2;33;35;41m-6.0[0;38;2;64;68;79;48;2;33;35;41m dB [0m
[0;38;2;48;52;63m╭─[0;38;2;76;81;89m m[0;38;2;114;130;166;48;2;29;32;38m╭─[0;1;38;2;238;241;246;48;2;29;32;38m keys [0;38;2;114;130;166;48;2;29;32;38m───────────────────────────────────────────────────────────────────────────────────────────────────────╮[0;38;2;48;52;63m───╮[0m
[0;38;2;48;52;63m│[0;38;2;64;68;79m  0[0;38;2;114;130;166;48;2;29;32;38m│[0;48;2;29;32;38m                                                                                                              [0;38;2;114;130;166;48;2;29;32;38m│[0;38;2;95;98;104m6.0[0;38;2;48;52;63m│[0m
[0;38;2;48;52;63m│[0m   [0;38;2;114;130;166;48;2;29;32;38m│[0;48;2;29;32;38m  [0;1;38;2;138;168;255;48;2;29;32;38mTune[0;48;2;29;32;38m [0;38;2;74;83;104;48;2;29;32;38m───────────────────────────────────────────────[0;48;2;29;32;38m  [0;1;38;2;138;168;255;48;2;29;32;38mLook[0;48;2;29;32;38m [0;38;2;74;83;104;48;2;29;32;38m───────────────────────────────────────────────[0;48;2;29;32;38m  [0;38;2;114;130;166;48;2;29;32;38m│[0m   [0;38;2;48;52;63m│[0m
[0;38;2;48;52;63m│[0;38;2;64;68;79m -6[0;38;2;114;130;166;48;2;29;32;38m│[0;48;2;29;32;38m  [0;1;38;2;238;241;246;48;2;52;60;77m 1 … 9 0 [0;48;2;29;32;38m  [0;38;2;162;171;188;48;2;29;32;38mraise band 32 Hz … 16 kHz by 0.5 dB (0 is[0;48;2;29;32;38m  [0;1;38;2;238;241;246;48;2;52;60;77m y Y [0;48;2;29;32;38m      [0;38;2;162;171;188;48;2;29;32;38mnext look: studio → console / next[0;48;2;29;32;38m         [0;38;2;114;130;166;48;2;29;32;38m│[0;38;2;48;52;63m───╯[0m
[0;38;2;48;52;63m│[0m   [0;38;2;114;130;166;48;2;29;32;38m│[0;48;2;29;32;38m             [0;38;2;162;171;188;48;2;29;32;38mthe tenth band, 16 kHz)[0;48;2;29;32;38m                               [0;38;2;162;171;188;48;2;29;32;38mpalette: ink → paper → brass; saved as[0;48;2;29;32;38m     [0;38;2;114;130;166;48;2;29;32;38m│[0;38;2;48;52;63m───╮[0m
[0;38;2;48;52;63m│[0m   [0;38;2;114;130;166;48;2;29;32;38m│[0;48;2;29;32;38m  [0;1;38;2;238;241;246;48;2;52;60;77m ⇧1 … ⇧0 [0;48;2;29;32;38m  [0;38;2;162;171;188;48;2;29;32;38mlower it by 0.5 dB: ! @ # $ % ^ & * ( )[0;48;2;29;32;38m               [0;38;2;162;171;188;48;2;29;32;38mtui.look and tui.palette[0;48;2;29;32;38m                   [0;38;2;114;130;166;48;2;29;32;38m│[0m   [0;38;2;48;52;63m│[0m
[0;38;2;48;52;63m│[0;38;2;64;68;79m-12[0;38;2;114;130;166;48;2;29;32;38m│[0;48;2;29;32;38m             [0;38;2;162;171;188;48;2;29;32;38mon a US layout[0;48;2;29;32;38m                                                                                   [0;38;2;114;130;166;48;2;29;32;38m│[0;38;2;102;88;54m2.1[0;38;2;48;52;63m│[0m
[0;38;2;48;52;63m│[0m   [0;38;2;114;130;166;48;2;29;32;38m│[0;48;2;29;32;38m  [0;1;38;2;238;241;246;48;2;52;60;77m + - [0;48;2;29;32;38m      [0;38;2;162;171;188;48;2;29;32;38mpreamp ±0.5 dB (= and _ work too, no[0;48;2;29;32;38m       [0;1;38;2;138;168;255;48;2;29;32;38mScreen[0;48;2;29;32;38m [0;38;2;74;83;104;48;2;29;32;38m─────────────────────────────────────────────[0;48;2;29;32;38m  [0;38;2;114;130;166;48;2;29;32;38m│[0;38;2;95;98;104m0.3[0;38;2;48;52;63m│[0m
[0;38;2;48;52;63m│[0m   [0;38;2;114;130;166;48;2;29;32;38m│[0;48;2;29;32;38m             [0;38;2;162;171;188;48;2;29;32;38mShift needed)[0;48;2;29;32;38m                              [0;1;38;2;238;241;246;48;2;52;60;77m m [0;48;2;29;32;38m        [0;38;2;162;171;188;48;2;29;32;38mmouse on and off, remembered as tui.mouse[0;48;2;29;32;38m  [0;38;2;114;130;166;48;2;29;32;38m│[0;38;2;48;52;63m───╯[0m
[0;38;2;48;52;63m│[0m   [0;38;2;114;130;166;48;2;29;32;38m│[0;48;2;29;32;38m  [0;1;38;2;238;241;246;48;2;52;60;77m b B t T [0;48;2;29;32;38m  [0;38;2;162;171;188;48;2;29;32;38mbass / treble shelf +0.5 dB, with Shift[0;48;2;29;32;38m               [0;38;2;162;171;188;48;2;29;32;38min eq.json; on, the wheel scrolls these[0;48;2;29;32;38m    [0;38;2;114;130;166;48;2;29;32;38m│[0;38;2;48;52;63m───╮[0m
[0;38;2;48;52;63m│[0m   [0;38;2;114;130;166;48;2;29;32;38m│[0;48;2;29;32;38m             [0;38;2;162;171;188;48;2;29;32;38m−0.5 dB[0;48;2;29;32;38m                                               [0;38;2;162;171;188;48;2;29;32;38mlists[0;48;2;29;32;38m                                      [0;38;2;114;130;166;48;2;29;32;38m│[0;38;2;56;95;80m1.0[0;38;2;48;52;63m│[0m
[0;38;2;48;52;63m│[0m   [0;38;2;114;130;166;48;2;29;32;38m│[0;48;2;29;32;38m  [0;1;38;2;238;241;246;48;2;52;60;77m p ↓ ↑ [0;48;2;29;32;38m    [0;38;2;162;171;188;48;2;29;32;38mnext preset (p, ↓) / previous one (↑),[0;48;2;29;32;38m     [0;1;38;2;238;241;246;48;2;52;60;77m ; Ctrl-P [0;48;2;29;32;38m [0;38;2;162;171;188;48;2;29;32;38mthe command palette; the key is kept for[0;48;2;29;32;38m   [0;38;2;114;130;166;48;2;29;32;38m│[0;38;2;102;66;89m0.5[0;38;2;48;52;63m│[0m
[0;38;2;48;52;63m│[0;38;2;64;68;79m-24[0;38;2;114;130;166;48;2;29;32;38m│[0;48;2;29;32;38m             [0;38;2;162;171;188;48;2;29;32;38malphabetically, wrapping round[0;48;2;29;32;38m                        [0;38;2;162;171;188;48;2;29;32;38mit, the palette is not here yet[0;48;2;29;32;38m            [0;38;2;114;130;166;48;2;29;32;38m│[0;38;2;64;68;79m0.0[0;38;2;48;52;63m│[0m
[0;38;2;48;52;63m│[0m   [0;38;2;114;130;166;48;2;29;32;38m│[0;48;2;29;32;38m  [0;1;38;2;238;241;246;48;2;52;60;77m c [0;48;2;29;32;38m        [0;38;2;162;171;188;48;2;29;32;38mcompressor: off → gentle → night → off[0;48;2;29;32;38m     [0;1;38;2;238;241;246;48;2;52;60;77m ? h [0;48;2;29;32;38m      [0;38;2;162;171;188;48;2;29;32;38mthe list of every key, over the meter; ?,[0;48;2;29;32;38m  [0;38;2;114;130;166;48;2;29;32;38m│[0;38;2;48;52;63m───╯[0m
[0;38;2;48;52;63m│[0m   [0;38;2;114;130;166;48;2;29;32;38m│[0;48;2;29;32;38m  [0;1;38;2;238;241;246;48;2;52;60;77m v V [0;48;2;29;32;38m      [0;38;2;162;171;188;48;2;29;32;38mcolour: off → tape → tube → off, starting[0;48;2;29;32;38m             [0;38;2;162;171;188;48;2;29;32;38mEsc or q closes it[0;48;2;29;32;38m                         [0;38;2;114;130;166;48;2;29;32;38m│[0;38;2;48;52;63m───╮[0m
[0;38;2;48;52;63m│[0m   [0;38;2;114;130;166;48;2;29;32;38m│[0;48;2;29;32;38m             [0;38;2;162;171;188;48;2;29;32;38mat 0.3 / raise the amount by 0.1, from 1[0;48;2;29;32;38m   [0;1;38;2;238;241;246;48;2;52;60;77m q [0;48;2;29;32;38m        [0;38;2;162;171;188;48;2;29;32;38mquit[0;48;2;29;32;38m                                       [0;38;2;114;130;166;48;2;29;32;38m│[0;38;2;64;68;79m0.0[0;38;2;48;52;63m│[0m
[0;38;2;48;52;63m│[0m   [0;38;2;114;130;166;48;2;29;32;38m│[0;48;2;29;32;38m             [0;38;2;162;171;188;48;2;29;32;38mback to 0.1[0;48;2;29;32;38m                                [0;1;38;2;238;241;246;48;2;52;60;77m Ctrl-C [0;48;2;29;32;38m   [0;38;2;162;171;188;48;2;29;32;38mquit, from the lists too[0;48;2;29;32;38m                   [0;38;2;114;130;166;48;2;29;32;38m│[0;38;2;64;68;79m0.0[0;38;2;48;52;63m│[0m
[0;38;2;48;52;63m│[0;38;2;64;68;79m-36[0;38;2;114;130;166;48;2;29;32;38m│[0;48;2;29;32;38m  [0;1;38;2;238;241;246;48;2;52;60;77m u [0;48;2;29;32;38m        [0;38;2;162;171;188;48;2;29;32;38mundo the last change made in this[0;48;2;29;32;38m                                                                [0;38;2;114;130;166;48;2;29;32;38m│[0;38;2;64;68;79m0.0[0;38;2;48;52;63m│[0m
[0;38;2;48;52;63m│[0m   [0;38;2;114;130;166;48;2;29;32;38m│[0;48;2;29;32;38m             [0;38;2;162;171;188;48;2;29;32;38msession, back to how it started[0;48;2;29;32;38m            [0;1;38;2;138;168;255;48;2;29;32;38mRussian layout[0;48;2;29;32;38m [0;38;2;74;83;104;48;2;29;32;38m─────────────────────────────────────[0;48;2;29;32;38m  [0;38;2;114;130;166;48;2;29;32;38m│[0;38;2;64;68;79m0.0[0;38;2;48;52;63m│[0m
[0;38;2;48;52;63m│[0m   [0;38;2;114;130;166;48;2;29;32;38m│[0;48;2;29;32;38m  [0;1;38;2;238;241;246;48;2;52;60;77m s [0;48;2;29;32;38m        [0;38;2;162;171;188;48;2;29;32;38msave the curve as a preset: type a name,[0;48;2;29;32;38m   [0;38;2;124;133;154;48;2;29;32;38mthe same physical keys: й quits, я is zones, х ъ[0;48;2;29;32;38m      [0;38;2;114;130;166;48;2;29;32;38m│[0;38;2;64;68;79m0.0[0;38;2;48;52;63m│[0m
[0;38;2;48;52;63m│[0m   [0;38;2;114;130;166;48;2;29;32;38m│[0;48;2;29;32;38m             [0;38;2;162;171;188;48;2;29;32;38mEnter saves, Esc cancels[0;48;2;29;32;38m                   [0;38;2;124;133;154;48;2;29;32;38mfocus[0;48;2;29;32;38m                                                 [0;38;2;114;130;166;48;2;29;32;38m│[0;38;2;56;95;80m3.0[0;38;2;48;52;63m│[0m
[0;38;2;48;52;63m│[0m   [0;38;2;114;130;166;48;2;29;32;38m│[0;48;2;29;32;38m                                                        [0;38;2;124;133;154;48;2;29;32;38m⇧7 types ?, which is the key list: lower 2 kHz from[0;48;2;29;32;38m   [0;38;2;114;130;166;48;2;29;32;38m│[0;38;2;64;68;79m0.0[0;38;2;48;52;63m│[0m
[0;38;2;48;52;63m│[0m   [0;38;2;114;130;166;48;2;29;32;38m│[0;48;2;29;32;38m  [0;1;38;2;138;168;255;48;2;29;32;38mInstruments[0;48;2;29;32;38m [0;38;2;74;83;104;48;2;29;32;38m────────────────────────────────────────[0;48;2;29;32;38m  [0;38;2;124;133;154;48;2;29;32;38ma US layout[0;48;2;29;32;38m                                           [0;38;2;114;130;166;48;2;29;32;38m│[0;38;2;64;68;79m0.0[0;38;2;48;52;63m│[0m
[0;38;2;48;52;63m│[0;38;2;64;68;79m-48[0;38;2;114;130;166;48;2;29;32;38m│[0;48;2;29;32;38m  [0;1;38;2;238;241;246;48;2;52;60;77m z [0;48;2;29;32;38m        [0;38;2;162;171;188;48;2;29;32;38mthe instrument strip, on and off[0;48;2;29;32;38m           [0;38;2;124;133;154;48;2;29;32;38m⇧4 types ;, the palette: lower 250 Hz from a US[0;48;2;29;32;38m       [0;38;2;114;130;166;48;2;29;32;38m│[0;38;2;48;52;63m───╯[0m
[0;38;2;48;52;63m│[0m   [0;38;2;114;130;166;48;2;29;32;38m│[0;48;2;29;32;38m  [0;1;38;2;238;241;246;48;2;52;60;77m i [0;48;2;29;32;38m        [0;38;2;162;171;188;48;2;29;32;38mthe instrument table: ranges in Hz, the[0;48;2;29;32;38m    [0;38;2;124;133;154;48;2;29;32;38mlayout[0;48;2;29;32;38m                                                [0;38;2;114;130;166;48;2;29;32;38m│[0m
[0;38;2;48;52;63m│[0m   [0;38;2;114;130;166;48;2;29;32;38m│[0;48;2;29;32;38m             [0;38;2;162;171;188;48;2;29;32;38mbands each touches, knob gains[0;48;2;29;32;38m             [0;38;2;124;133;154;48;2;29;32;38mthe ? key types , which turns the knob down: h (р)[0;48;2;29;32;38m    [0;38;2;114;130;166;48;2;29;32;38m│[0m
[0;38;2;48;52;63m│[0m   [0;38;2;114;130;166;48;2;29;32;38m│[0;48;2;29;32;38m  [0;1;38;2;238;241;246;48;2;52;60;77m ] Tab [ [0;48;2;29;32;38m  [0;38;2;162;171;188;48;2;29;32;38mfocus the next / previous instrument[0;48;2;29;32;38m       [0;38;2;124;133;154;48;2;29;32;38mis the key list[0;48;2;29;32;38m                                       [0;38;2;114;130;166;48;2;29;32;38m│[0m
[0;38;2;48;52;63m│[0m   [0;38;2;114;130;166;48;2;29;32;38m│[0;48;2;29;32;38m  [0;1;38;2;238;241;246;48;2;52;60;77m → ← [0;48;2;29;32;38m      [0;38;2;162;171;188;48;2;29;32;38mthe focused instrument's knob ±0.5 dB (.[0;48;2;29;32;38m                                                         [0;38;2;114;130;166;48;2;29;32;38m│[0m
[0;38;2;48;52;63m│[0;38;2;64;68;79m-60[0;38;2;114;130;166;48;2;29;32;38m│[0;48;2;29;32;38m             [0;38;2;162;171;188;48;2;29;32;38mand , work too, no Shift needed)[0;48;2;29;32;38m                                                                 [0;38;2;114;130;166;48;2;29;32;38m│[0m
[0;38;2;48;52;63m╰───[0;38;2;114;130;166;48;2;29;32;38m│[0;48;2;29;32;38m  [0;1;38;2;238;241;246;48;2;52;60;77m l [0;48;2;29;32;38m        [0;38;2;162;171;188;48;2;29;32;38mlisten to the focused instrument alone,[0;48;2;29;32;38m                                                          [0;38;2;114;130;166;48;2;29;32;38m│[0m
    [0;38;2;114;130;166;48;2;29;32;38m│[0;48;2;29;32;38m             [0;38;2;162;171;188;48;2;29;32;38mand back[0;48;2;29;32;38m                                                                                         [0;38;2;114;130;166;48;2;29;32;38m│[0m
    [0;38;2;114;130;166;48;2;29;32;38m│[0;48;2;29;32;38m  [0;1;38;2;238;241;246;48;2;52;60;77m Esc [0;48;2;29;32;38m      [0;38;2;162;171;188;48;2;29;32;38mleave the focus (and stop listening)[0;48;2;29;32;38m                                                             [0;38;2;114;130;166;48;2;29;32;38m│[0m
    [0;38;2;114;130;166;48;2;29;32;38m╰──────────────────────────────────────────────────────────────────────────────────────────────────────────────╯[0m

[0;1;38;2;238;241;246;48;2;52;60;77m ↑↓ [0;38;2;124;133;154m scroll  [0;1;38;2;238;241;246;48;2;52;60;77m Esc [0;38;2;124;133;154m close[0m
