[0;38;2;138;168;255;48;2;57;66;90m ◉ [0;1;38;2;238;241;246;48;2;57;66;90mBE-RCA [0;38;2;74;83;104;48;2;27;30;37m [0;38;2;162;171;188;48;2;27;30;37m44.1 kHz[0;38;2;74;83;104;48;2;27;30;37m │ [0;38;2;124;133;154;48;2;27;30;37mpreamp [0;38;2;242;127;188;48;2;27;30;37m-4.8[0;38;2;124;133;154;48;2;27;30;37m dB[0;38;2;74;83;104;48;2;27;30;37m │ [0;38;2;138;168;255;48;2;27;30;37m◆ [0;1;38;2;221;226;234;48;2;27;30;37mfavourite[0;1;38;2;242;193;78;48;2;27;30;37m*[0;38;2;74;83;104;48;2;27;30;37m │ [0;38;2;108;182;255;48;2;27;30;37m● [0;38;2;221;226;234;48;2;27;30;37mvoice [0;38;2;99;217;158;48;2;27;30;37m+3.0[0;38;2;74;83;104;48;2;27;30;37m │ [0;38;2;124;133;154;48;2;27;30;37mbass [0;38;2;99;217;158;48;2;27;30;37m+1[0;38;2;124;133;154;48;2;27;30;37m treble [0;38;2;242;127;188;48;2;27;30;37m-0.5[0;48;2;27;30;37m                  [0;38;2;124;133;154;48;2;27;30;37m peak [0;38;2;242;163;58;48;2;27;30;37m-6.0[0;38;2;124;133;154;48;2;27;30;37m dB [0m
 [0;1;38;2;16;19;26;48;2;138;168;255m Meter [0m  [0;4;38;2;138;168;255mT[0;38;2;124;133;154mune [0m  [0;4;38;2;138;168;255mI[0;38;2;124;133;154mnstruments [0m  [0;4;38;2;138;168;255mP[0;38;2;124;133;154mresets [0m  [0;4;38;2;138;168;255mD[0;38;2;124;133;154mevices [0m  [0;4;38;2;138;168;255mF[0;38;2;124;133;154milters [0m  [0;4;38;2;138;168;255mA[0;38;2;124;133;154mpps [0m  [0;4;38;2;138;168;255mS[0;38;2;124;133;154mystem [0m  [0;4;38;2;138;168;255mH[0;38;2;124;133;154mistory [0m  [0;4;38;2;138;168;255mE[0;38;2;124;133;154mvents [0m              [0;1;38;2;138;168;255mg[0;38;2;124;133;154m go[0m  [0;1;38;2;138;168;255m;[0;38;2;124;133;154m cmd[0m
         [0;38;2;74;83;104m╭[0;1;38;2;105;205;139m level dBFS [0;38;2;74;83;104m─────────────────────[0;1;38;2;162;171;188m meter [0;38;2;74;83;104m──────────────────────────[0;1;38;2;243;233;207m EQ dB [0;38;2;74;83;104m╮[0m         [0;38;2;74;83;104m╭─[0;1;38;2;162;171;188m output [0;38;2;74;83;104m────────────────╮[0m
         [0;38;2;74;83;104m│[0;38;2;248;96;126m  0[0m [0;38;2;74;83;104m┤[0m [0;38;2;61;68;84m┈┈┈┈┈┈┈┈┈┈┈┈┈┈┈┈┈┈┈┈┈┈┈┈┈┈┈┈┈┈┈┈┈┈┈┈┈┈┈┈┈┈┈┈┈┈┈┈┈┈┈┈┈┈┈┈┈┈┈┈┈┈[0;38;2;74;83;104m├[0;38;2;160;155;141m+12[0m [0;38;2;74;83;104m│[0m         [0;38;2;74;83;104m│[0m [0;38;2;124;133;154mpeak [0;38;2;27;99;89m█[0;38;2;28;108;93m█[0;38;2;29;118;97m█[0;38;2;30;127;100m█[0;38;2;30;136;104m█[0;38;2;34;147;108m█[0;38;2;46;162;110m█[0;38;2;58;177;112m█[0;38;2;69;191;114m█[0;38;2;109;200;106m█[0;38;2;190;200;85m█[0;38;2;61;68;84m·[0;38;2;238;241;246m▏[0m [0;38;2;221;226;234m -6.0[0;38;2;74;83;104m│[0m
         [0;38;2;74;83;104m│[0;38;2;238;176;93m -6[0m [0;38;2;74;83;104m┤[0m       [0;38;2;247;178;127m▔[0m [0;38;2;247;178;127m▔[0m                                                          [0;38;2;74;83;104m│[0m         [0;38;2;74;83;104m│[0m [0;38;2;124;133;154mlimit [0;38;2;61;68;84m●[0m [0;38;2;124;133;154midle[0m            [0;38;2;74;83;104m│[0m
         [0;38;2;74;83;104m│[0m              [0;38;2;230;181;67m▃[0m [0;38;2;239;207;133m▔[0m [0;38;2;239;207;133m▔[0m                                                      [0;38;2;74;83;104m│[0m         [0;38;2;74;83;104m╰─────────────────────────╯[0m
         [0;38;2;74;83;104m│[0;38;2;190;205;116m-12[0m [0;38;2;74;83;104m┤[0m [0;38;2;61;68;84m┈┈┈┈┈┈[0;38;2;198;200;83m▅[0;38;2;61;68;84m┈[0;48;2;198;200;83m [0;38;2;61;68;84m┈[0;38;2;198;200;83m█[0;38;2;61;68;84m┈┈┈┈┈[0;38;2;218;219;143m▔[0;38;2;61;68;84m┈┈┈┈┈┈┈┈┈┈┈┈┈┈┈┈┈┈┈┈┈┈┈┈┈┈┈┈┈┈┈┈┈┈┈┈┈┈┈┈┈┈┈┈┈[0m     [0;38;2;74;83;104m│[0m         [0;38;2;74;83;104m╭─[0;1;38;2;162;171;188m dynamics [0;38;2;74;83;104m──────────────╮[0m
         [0;38;2;74;83;104m│[0m          [0;1;38;2;243;233;207;48;2;143;200;97m●[0m [0;48;2;143;200;97m [0m [0;48;2;143;200;97m [0;1;38;2;243;233;207;48;2;62;113;91m⢀[0;1;38;2;243;233;207;48;2;143;200;97m●[0m [0;38;2;143;200;97m█[0m [0;38;2;182;219;152m▔[0m   [0;38;2;182;219;152m▔[0m                                                [0;38;2;74;83;104m│[0m         [0;38;2;74;83;104m│[0m [0;38;2;124;133;154mcomp[0m  [0;1;38;2;138;168;255mnight[0m             [0;38;2;74;83;104m│[0m
         [0;38;2;74;83;104m│[0m        [0;1;38;2;243;233;207m⢀[0;1;38;2;243;233;207;48;2;62;113;91m⡞[0;1;38;2;243;233;207;48;2;87;200;112m⠙[0;1;38;2;243;233;207;48;2;62;113;91m⠳[0;1;38;2;243;233;207;48;2;87;200;112m⣤[0;1;38;2;243;233;207;48;2;62;113;91m⣤[0;1;38;2;243;233;207;48;2;87;200;112m⠶[0;1;38;2;243;233;207;48;2;56;96;79m⠋[0;1;38;2;243;233;207;48;2;87;200;112m⠙[0;1;38;2;243;233;207;48;2;62;113;91m⠶[0;1;38;2;243;233;207;48;2;87;200;112m⣤[0;1;38;2;243;233;207;48;2;62;113;91m⣤[0;1;38;2;243;233;207;48;2;87;200;112m⡴[0;1;38;2;243;233;207;48;2;62;113;91m⠛[0;1;38;2;243;233;207;48;2;87;200;112m●[0;1;38;2;243;233;207;48;2;62;113;91m⣄[0;38;2;87;200;112m▂[0m [0;38;2;146;219;162m▔[0m [0;38;2;146;219;162m▔[0m   [0;38;2;146;219;162m▔[0m [0;38;2;146;219;162m▔[0m       [0;38;2;146;219;162m▔[0m     [0;38;2;146;219;162m▔[0m                   [0;38;2;74;83;104m├[0;38;2;160;155;141m+6[0m  [0;38;2;74;83;104m│[0m         [0;38;2;74;83;104m│[0m [0;38;2;124;133;154mGR[0m    [0;38;2;61;68;84m··········[0;38;2;242;193;78m██[0m [0;38;2;242;193;78m -2.1[0;38;2;74;83;104m│[0m
         [0;38;2;74;83;104m│[0m       [0;1;38;2;243;233;207;48;2;62;113;91m⢠⠞[0;48;2;56;96;79m [0;48;2;70;192;114m [0;48;2;56;96;79m [0;48;2;70;192;114m [0;48;2;56;96;79m [0;48;2;70;192;114m [0;48;2;52;85;73m [0;48;2;70;192;114m [0;48;2;56;96;79m [0;48;2;70;192;114m [0;48;2;56;96;79m [0;48;2;70;192;114m [0;48;2;56;96;79m [0;48;2;70;192;114m [0;1;38;2;243;233;207;48;2;56;96;79m⠘[0;1;38;2;243;233;207;48;2;70;192;114m⢦[0;1;38;2;243;233;207;48;2;62;113;91m⣄[0;1;38;2;243;233;207;48;2;70;192;114m⣀[0;1;38;2;243;233;207;48;2;62;113;91m⣀[0;38;2;70;192;114m▂[0m [0;38;2;135;214;163m▔[0m   [0;38;2;70;192;114m▃[0m [0;38;2;135;214;163m▔[0m [0;38;2;135;214;163m▔[0m [0;38;2;135;214;163m▔[0m     [0;38;2;135;214;163m▔[0m [0;38;2;70;192;114m▂[0m [0;38;2;135;214;163m▔[0m [0;38;2;135;214;163m▔[0m                    [0;38;2;74;83;104m│[0m         [0;38;2;74;83;104m│[0m [0;38;2;124;133;154mcolour[0m [0;1;38;2;138;168;255mtape[0m [0;38;2;138;168;255m█▊[0;38;2;61;68;84m····[0m  [0;38;2;221;226;234m 0.3[0;38;2;74;83;104m│[0m
         [0;38;2;74;83;104m│[0;38;2;93;190;136m-24[0m [0;38;2;74;83;104m┤[0m [0;1;38;2;243;233;207;48;2;62;113;91m⣰[0;1;38;2;243;233;207;48;2;56;96;79m⠋[0;48;2;62;182;112m [0;38;2;61;68;84;48;2;52;85;73m┈[0;48;2;62;182;112m [0;38;2;61;68;84;48;2;52;85;73m┈[0;48;2;62;182;112m [0;38;2;61;68;84;48;2;52;85;73m┈[0;48;2;62;182;112m [0;38;2;61;68;84;48;2;49;76;67m┈[0;48;2;62;182;112m [0;38;2;61;68;84;48;2;52;85;73m┈[0;48;2;62;182;112m [0;38;2;61;68;84;48;2;52;85;73m┈[0;48;2;62;182;112m [0;38;2;61;68;84;48;2;52;85;73m┈[0;48;2;62;182;112m [0;38;2;61;68;84;48;2;52;85;73m┈[0;48;2;62;182;112m [0;1;38;2;243;233;207;48;2;56;96;79m⠈[0;1;38;2;243;233;207;48;2;62;182;112m⠉[0;1;38;2;243;233;207;48;2;56;96;79m⠉[0;1;38;2;243;233;207;48;2;62;182;112m●[0;1;38;2;243;233;207;48;2;62;113;91m⣄[0;38;2;62;182;112m▆[0;38;2;61;68;84m┈[0;48;2;62;182;112m [0;38;2;61;68;84m┈[0;48;2;62;182;112m [0;38;2;61;68;84m┈[0;38;2;62;182;112m█[0;38;2;61;68;84m┈[0;38;2;62;182;112m▂[0;38;2;61;68;84m┈[0;38;2;62;182;112m▆[0;38;2;61;68;84m┈[0;38;2;62;182;112m▄[0;38;2;61;68;84m┈[0;38;2;130;208;162m▔[0;38;2;61;68;84m┈[0;38;2;62;182;112m▄[0;38;2;61;68;84m┈[0;48;2;62;182;112m [0;38;2;61;68;84m┈[0;38;2;62;182;112m█[0;38;2;61;68;84m┈┈┈[0;38;2;130;208;162m▔[0;38;2;61;68;84m┈[0;1;38;2;243;233;207;48;2;62;113;91m⣠⠟[0;1;38;2;99;217;158;48;2;62;113;91m●[0;1;38;2;243;233;207;48;2;62;113;91m⢦[0;38;2;61;68;84m┈┈┈[0;1;38;2;243;233;207;48;2;62;113;91m⣠[0;1;38;2;99;217;158;48;2;62;113;91m●[0;38;2;61;68;84m┈┈┈[0m     [0;38;2;74;83;104m│[0m         [0;38;2;74;83;104m╰─────────────────────────╯[0m
         [0;38;2;74;83;104m│[0m      [0;1;38;2;243;233;207;48;2;56;96;79m⠁[0;48;2;52;85;73m [0;48;2;54;172;111m [0;48;2;49;76;67m [0;48;2;54;172;111m [0;48;2;49;76;67m [0;48;2;54;172;111m [0;48;2;49;76;67m [0;48;2;54;172;111m [0;48;2;46;67;61m [0;48;2;54;172;111m [0;48;2;49;76;67m [0;48;2;54;172;111m [0;48;2;49;76;67m [0;48;2;54;172;111m [0;48;2;49;76;67m [0;48;2;54;172;111m [0;48;2;49;76;67m [0;48;2;54;172;111m [0;48;2;52;85;73m [0;48;2;54;172;111m [0;48;2;52;85;73m [0;48;2;54;172;111m [0;1;38;2;243;233;207;48;2;56;96;79m⠈[0;1;38;2;243;233;207;48;2;54;172;111m⠳[0;1;38;2;243;233;207;48;2;62;113;91m⣄[0;1;38;2;243;233;207;48;2;54;172;111m⡀[0m [0;48;2;54;172;111m [0m [0;48;2;54;172;111m [0m [0;48;2;54;172;111m [0m [0;48;2;54;172;111m [0m [0;48;2;54;172;111m [0m [0;38;2;54;172;111m█[0m [0;48;2;54;172;111m [0m [0;48;2;54;172;111m [0m [0;48;2;54;172;111m [0m [0;48;2;54;172;111m [0;1;38;2;243;233;207;48;2;62;113;91m⣀[0;1;38;2;243;233;207;48;2;54;172;111m⣤[0;1;38;2;243;233;207;48;2;62;113;91m⠞[0;1;38;2;243;233;207;48;2;56;96;79m⠁[0;48;2;56;96;79m [0;38;2;124;201;161;48;2;56;96;79m▔[0;1;38;2;243;233;207;48;2;56;96;79m⠈[0;1;38;2;243;233;207;48;2;62;113;91m⠳⢦⠶[0;1;38;2;243;233;207;48;2;56;96;79m⠃⠸[0;1;38;2;243;233;207m⡄[0m       [0;38;2;74;83;104m│[0m         [0;38;2;74;83;104m╭─[0;1;38;2;162;171;188m tone [0;38;2;74;83;104m──────────────────╮[0m
         [0;38;2;74;83;104m│[0m      [0;38;2;46;162;110;48;2;52;85;73m▂[0;38;2;94;93;89;48;2;49;76;67m┈[0;48;2;46;162;110m [0;38;2;94;93;89;48;2;46;67;61m┈[0;48;2;46;162;110m [0;38;2;94;93;89;48;2;46;67;61m┈[0;48;2;46;162;110m [0;38;2;94;93;89;48;2;46;67;61m┈[0;48;2;46;162;110m [0;38;2;94;93;89;48;2;46;67;61m┈[0;48;2;46;162;110m [0;38;2;94;93;89;48;2;46;67;61m┈[0;48;2;46;162;110m [0;38;2;94;93;89;48;2;46;67;61m┈[0;48;2;46;162;110m [0;38;2;94;93;89;48;2;46;67;61m┈[0;48;2;46;162;110m [0;38;2;94;93;89;48;2;46;67;61m┈[0;48;2;46;162;110m [0;38;2;94;93;89;48;2;49;76;67m┈[0;48;2;46;162;110m [0;38;2;94;93;89;48;2;49;76;67m┈[0;48;2;46;162;110m [0;38;2;94;93;89;48;2;52;85;73m┈[0;48;2;46;162;110m [0;1;38;2;243;233;207;48;2;56;96;79m⠈[0;1;38;2;243;233;207;48;2;46;162;110m⠙[0;1;38;2;243;233;207m⠳[0;1;38;2;243;233;207;48;2;46;162;110m●[0;1;38;2;243;233;207m⣀[0;48;2;46;162;110m [0;38;2;94;93;89;48;2;102;66;89m┈[0;48;2;46;162;110m [0;38;2;94;93;89;48;2;90;61;81m┈[0;48;2;46;162;110m [0;38;2;94;93;89;48;2;90;61;81m┈[0;48;2;46;162;110m [0;38;2;94;93;89;48;2;102;66;89m┈[0;48;2;46;162;110m [0;1;38;2;243;233;207m⣀[0;1;38;2;243;233;207;48;2;46;162;110m●[0;1;38;2;243;233;207m⣤[0;1;38;2;243;233;207;48;2;46;162;110m⣤[0;1;38;2;243;233;207m⠶[0;1;38;2;243;233;207;48;2;46;162;110m⠶[0;1;38;2;243;233;207m⠞[0;1;38;2;243;233;207;48;2;46;162;110m●[0;1;38;2;243;233;207;48;2;56;96;79m⠉[0;48;2;46;162;110m [0;38;2;94;93;89;48;2;56;96;79m┈[0;38;2;46;162;110;48;2;52;85;73m▇[0;38;2;94;93;89;48;2;52;85;73m┈[0;38;2;46;162;110;48;2;52;85;73m▂[0;38;2;94;93;89;48;2;52;85;73m┈[0;38;2;94;93;89;48;2;56;96;79m┈┈[0;38;2;119;195;161;48;2;56;96;79m▔[0;38;2;94;93;89;48;2;52;85;73m┈┈[0;1;38;2;243;233;207m⠹⠶⠶[0;38;2;74;83;104m├[0;1;38;2;243;233;207m 0[0m  [0;38;2;74;83;104m│[0m         [0;38;2;74;83;104m│[0m [0;38;2;124;133;154mbass[0m   [0;38;2;61;68;84m┄┄┄┄┄[0;38;2;114;130;166m┼[0;38;2;99;217;158m●[0;38;2;61;68;84m┄┄┄[0m  [0;38;2;99;217;158m +1.0[0;38;2;74;83;104m│[0m
         [0;38;2;74;83;104m│[0m      [0;48;2;38;152;108m [0m [0;48;2;38;152;108m [0m [0;48;2;38;152;108m [0m [0;48;2;38;152;108m [0m [0;48;2;38;152;108m [0m [0;48;2;38;152;108m [0m [0;48;2;38;152;108m [0m [0;48;2;38;152;108m [0m [0;48;2;38;152;108m [0m [0;48;2;38;152;108m [0m [0;48;2;38;152;108m [0m [0;48;2;38;152;108m [0m [0;48;2;38;152;108m [0m [0;48;2;38;152;108m [0m [0;48;2;38;152;108m [0;1;38;2;243;233;207m⠉[0;1;38;2;243;233;207;48;2;38;152;108m⠳[0;1;38;2;16;19;26;48;2;138;168;255m -3.1 [0;1;38;2;243;233;207;48;2;123;75;104m⡴[0;1;38;2;243;233;207;48;2;38;152;108m⠛[0;1;38;2;243;233;207m⠉[0;1;38;2;243;233;207;48;2;38;152;108m⠁[0m [0;48;2;38;152;108m [0m [0;48;2;38;152;108m [0m [0;48;2;38;152;108m [0m [0;48;2;38;152;108m [0m [0;48;2;38;152;108m [0m [0;48;2;38;152;108m [0m [0;38;2;38;152;108m▄[0m            [0;38;2;74;83;104m│[0m         [0;38;2;74;83;104m│[0m [0;38;2;124;133;154mtreble[0m [0;38;2;61;68;84m┄┄┄┄┄[0;38;2;242;127;188m●[0;38;2;61;68;84m┄┄┄┄[0m  [0;38;2;242;127;188m -0.5[0;38;2;74;83;104m│[0m
         [0;38;2;74;83;104m│[0;38;2;69;160;132m-36[0m [0;38;2;74;83;104m┤[0m [0;48;2;31;142;107m [0;38;2;61;68;84m┈[0;48;2;31;142;107m [0;38;2;61;68;84m┈[0;48;2;31;142;107m [0;38;2;61;68;84m┈[0;48;2;31;142;107m [0;38;2;61;68;84m┈[0;48;2;31;142;107m [0;38;2;61;68;84m┈[0;48;2;31;142;107m [0;38;2;61;68;84m┈[0;48;2;31;142;107m [0;38;2;61;68;84m┈[0;48;2;31;142;107m [0;38;2;61;68;84m┈[0;48;2;31;142;107m [0;38;2;61;68;84m┈[0;48;2;31;142;107m [0;38;2;61;68;84m┈[0;48;2;31;142;107m [0;38;2;61;68;84m┈[0;48;2;31;142;107m [0;38;2;61;68;84m┈[0;48;2;31;142;107m [0;38;2;61;68;84m┈[0;48;2;31;142;107m [0;38;2;61;68;84m┈[0;48;2;31;142;107m [0;38;2;61;68;84m┈[0;48;2;31;142;107m [0;1;38;2;243;233;207m⠈[0;1;38;2;243;233;207;48;2;31;142;107m⠳[0;1;38;2;243;233;207;48;2;123;75;104m⣄[0;1;38;2;138;168;255;48;2;31;142;107m◉[0;1;38;2;243;233;207;48;2;123;75;104m⠞[0;1;38;2;243;233;207;48;2;31;142;107m⠁[0;38;2;61;68;84m┈[0;48;2;31;142;107m [0;38;2;61;68;84m┈[0;48;2;31;142;107m [0;38;2;61;68;84m┈[0;48;2;31;142;107m [0;38;2;61;68;84m┈[0;48;2;31;142;107m [0;38;2;61;68;84m┈[0;48;2;31;142;107m [0;38;2;61;68;84m┈[0;48;2;31;142;107m [0;38;2;61;68;84m┈[0;48;2;31;142;107m [0;38;2;61;68;84m┈[0;48;2;31;142;107m [0;38;2;61;68;84m┈[0;48;2;31;142;107m [0;38;2;61;68;84m┈[0;38;2;31;142;107m▃[0;38;2;61;68;84m┈┈┈┈┈[0m     [0;38;2;74;83;104m│[0m         [0;38;2;74;83;104m│[0m [0;38;2;124;133;154mtilt[0m   [0;38;2;61;68;84m┄┄┄┄┄[0;38;2;114;130;166m┼[0;38;2;61;68;84m┄┄┄┄[0m  [0;38;2;124;133;154m  0.0[0;38;2;74;83;104m│[0m
         [0;38;2;74;83;104m│[0m      [0;48;2;30;136;104m [0m [0;48;2;30;136;104m [0m [0;48;2;30;136;104m [0m [0;48;2;30;136;104m [0m [0;48;2;30;136;104m [0m [0;48;2;30;136;104m [0m [0;48;2;30;136;104m [0m [0;48;2;30;136;104m [0m [0;48;2;30;136;104m [0m [0;48;2;30;136;104m [0m [0;48;2;30;136;104m [0m [0;48;2;30;136;104m [0m [0;48;2;30;136;104m [0m [0;48;2;30;136;104m [0m [0;48;2;30;136;104m [0m [0;48;2;30;136;104m [0m [0;48;2;30;136;104m [0;1;38;2;243;233;207m⠈[0;1;38;2;243;233;207;48;2;30;136;104m⠁[0m [0;48;2;30;136;104m [0m [0;48;2;30;136;104m [0m [0;48;2;30;136;104m [0m [0;48;2;30;136;104m [0m [0;48;2;30;136;104m [0m [0;48;2;30;136;104m [0m [0;48;2;30;136;104m [0m [0;48;2;30;136;104m [0m [0;48;2;30;136;104m [0m [0;48;2;30;136;104m [0m [0;48;2;30;136;104m [0m [0;38;2;109;178;157m▔[0m        [0;38;2;74;83;104m│[0m         [0;38;2;74;83;104m╰─────────────────────────╯[0m
         [0;38;2;74;83;104m│[0m      [0;48;2;30;129;101m [0m [0;48;2;30;129;101m [0m [0;48;2;30;129;101m [0m [0;48;2;30;129;101m [0m [0;48;2;30;129;101m [0m [0;48;2;30;129;101m [0m [0;48;2;30;129;101m [0m [0;48;2;30;129;101m [0m [0;48;2;30;129;101m [0m [0;48;2;30;129;101m [0m [0;48;2;30;129;101m [0m [0;48;2;30;129;101m [0m [0;48;2;30;129;101m [0m [0;48;2;30;129;101m [0m [0;48;2;30;129;101m [0m [0;48;2;30;129;101m [0m [0;48;2;30;129;101m [0m [0;48;2;30;129;101m [0m [0;48;2;30;129;101m [0m [0;48;2;30;129;101m [0m [0;48;2;30;129;101m [0m [0;48;2;30;129;101m [0m [0;48;2;30;129;101m [0m [0;48;2;30;129;101m [0m [0;48;2;30;129;101m [0m [0;48;2;30;129;101m [0m [0;48;2;30;129;101m [0m [0;48;2;30;129;101m [0m [0;48;2;30;129;101m [0m [0;38;2;30;129;101m▆[0m        [0;38;2;74;83;104m│[0m         [0;38;2;74;83;104m╭─[0;1;38;2;162;171;188m knobs [0;38;2;74;83;104m─────────────────╮[0m
         [0;38;2;74;83;104m│[0m      [0;48;2;29;123;99m [0m [0;48;2;29;123;99m [0m [0;48;2;29;123;99m [0m [0;48;2;29;123;99m [0m [0;48;2;29;123;99m [0m [0;48;2;29;123;99m [0m [0;48;2;29;123;99m [0m [0;48;2;29;123;99m [0m [0;48;2;29;123;99m [0m [0;48;2;29;123;99m [0m [0;48;2;29;123;99m [0m [0;48;2;29;123;99m [0m [0;48;2;29;123;99m [0m [0;48;2;29;123;99m [0m [0;48;2;29;123;99m [0m [0;48;2;29;123;99m [0m [0;48;2;29;123;99m [0m [0;48;2;29;123;99m [0m [0;48;2;29;123;99m [0m [0;48;2;29;123;99m [0m [0;48;2;29;123;99m [0m [0;48;2;29;123;99m [0m [0;48;2;29;123;99m [0m [0;48;2;29;123;99m [0m [0;48;2;29;123;99m [0m [0;48;2;29;123;99m [0m [0;48;2;29;123;99m [0m [0;48;2;29;123;99m [0m [0;48;2;29;123;99m [0m [0;48;2;29;123;99m [0m   [0;38;2;74;83;104m├[0;38;2;160;155;141m-6[0m  [0;38;2;74;83;104m│[0m         [0;38;2;74;83;104m│[0m [0;38;2;255;122;89m●[0m [0;38;2;162;171;188mkick[0m    [0;38;2;61;68;84m┄┄┄[0;38;2;114;130;166m┼[0;38;2;61;68;84m┄┄┄[0m  [0;38;2;124;133;154m  0.0[0;38;2;74;83;104m│[0m
         [0;38;2;74;83;104m│[0;38;2;67;140;124m-48[0m [0;38;2;74;83;104m┤[0m [0;48;2;29;117;96m [0;38;2;61;68;84m┈[0;48;2;29;117;96m [0;38;2;61;68;84m┈[0;48;2;29;117;96m [0;38;2;61;68;84m┈[0;48;2;29;117;96m [0;38;2;61;68;84m┈[0;48;2;29;117;96m [0;38;2;61;68;84m┈[0;48;2;29;117;96m [0;38;2;61;68;84m┈[0;48;2;29;117;96m [0;38;2;61;68;84m┈[0;48;2;29;117;96m [0;38;2;61;68;84m┈[0;48;2;29;117;96m [0;38;2;61;68;84m┈[0;48;2;29;117;96m [0;38;2;61;68;84m┈[0;48;2;29;117;96m [0;38;2;61;68;84m┈[0;48;2;29;117;96m [0;38;2;61;68;84m┈[0;48;2;29;117;96m [0;38;2;61;68;84m┈[0;48;2;29;117;96m [0;38;2;61;68;84m┈[0;48;2;29;117;96m [0;38;2;61;68;84m┈[0;48;2;29;117;96m [0;38;2;61;68;84m┈[0;48;2;29;117;96m [0;38;2;61;68;84m┈[0;48;2;29;117;96m [0;38;2;61;68;84m┈[0;48;2;29;117;96m [0;38;2;61;68;84m┈[0;48;2;29;117;96m [0;38;2;61;68;84m┈[0;48;2;29;117;96m [0;38;2;61;68;84m┈[0;48;2;29;117;96m [0;38;2;61;68;84m┈[0;48;2;29;117;96m [0;38;2;61;68;84m┈[0;48;2;29;117;96m [0;38;2;61;68;84m┈[0;48;2;29;117;96m [0;38;2;61;68;84m┈[0;48;2;29;117;96m [0;38;2;61;68;84m┈[0;48;2;29;117;96m [0;38;2;61;68;84m┈[0;48;2;29;117;96m [0;38;2;61;68;84m┈[0;48;2;29;117;96m [0;38;2;61;68;84m┈[0;48;2;29;117;96m [0;38;2;61;68;84m┈[0;38;2;108;165;152m▔[0;38;2;61;68;84m┈[0m     [0;38;2;74;83;104m│[0m         [0;38;2;74;83;104m│[0m [0;38;2;255;174;87m●[0m [0;38;2;162;171;188mbass[0m    [0;38;2;61;68;84m┄┄┄[0;38;2;114;130;166m┼[0;38;2;61;68;84m┄┄┄[0m  [0;38;2;124;133;154m  0.0[0;38;2;74;83;104m│[0m
         [0;38;2;74;83;104m│[0m      [0;48;2;28;110;94m [0m [0;48;2;28;110;94m [0m [0;48;2;28;110;94m [0m [0;48;2;28;110;94m [0m [0;48;2;28;110;94m [0m [0;48;2;28;110;94m [0m [0;48;2;28;110;94m [0m [0;48;2;28;110;94m [0m [0;48;2;28;110;94m [0m [0;48;2;28;110;94m [0m [0;48;2;28;110;94m [0m [0;48;2;28;110;94m [0m [0;48;2;28;110;94m [0m [0;48;2;28;110;94m [0m [0;48;2;28;110;94m [0m [0;48;2;28;110;94m [0m [0;48;2;28;110;94m [0m [0;48;2;28;110;94m [0m [0;48;2;28;110;94m [0m [0;48;2;28;110;94m [0m [0;48;2;28;110;94m [0m [0;48;2;28;110;94m [0m [0;48;2;28;110;94m [0m [0;48;2;28;110;94m [0m [0;48;2;28;110;94m [0m [0;48;2;28;110;94m [0m [0;48;2;28;110;94m [0m [0;48;2;28;110;94m [0m [0;48;2;28;110;94m [0m [0;48;2;28;110;94m [0m [0;38;2;28;110;94m▇[0m      [0;38;2;74;83;104m│[0m         [0;38;2;74;83;104m│[0m [0;38;2;255;217;102m●[0m [0;38;2;162;171;188msnare[0m   [0;38;2;61;68;84m┄┄┄[0;38;2;114;130;166m┼[0;38;2;61;68;84m┄┄┄[0m  [0;38;2;124;133;154m  0.0[0;38;2;74;83;104m│[0m
         [0;38;2;74;83;104m│[0m      [0;48;2;28;104;91m [0m [0;48;2;28;104;91m [0m [0;48;2;28;104;91m [0m [0;48;2;28;104;91m [0m [0;48;2;28;104;91m [0m [0;48;2;28;104;91m [0m [0;48;2;28;104;91m [0m [0;48;2;28;104;91m [0m [0;48;2;28;104;91m [0m [0;48;2;28;104;91m [0m [0;48;2;28;104;91m [0m [0;48;2;28;104;91m [0m [0;48;2;28;104;91m [0m [0;48;2;28;104;91m [0m [0;48;2;28;104;91m [0m [0;48;2;28;104;91m [0m [0;48;2;28;104;91m [0m [0;48;2;28;104;91m [0m [0;48;2;28;104;91m [0m [0;48;2;28;104;91m [0m [0;48;2;28;104;91m [0m [0;48;2;28;104;91m [0m [0;48;2;28;104;91m [0m [0;48;2;28;104;91m [0m [0;48;2;28;104;91m [0m [0;48;2;28;104;91m [0m [0;48;2;28;104;91m [0m [0;48;2;28;104;91m [0m [0;48;2;28;104;91m [0m [0;48;2;28;104;91m [0m [0;48;2;28;104;91m [0m      [0;38;2;74;83;104m│[0m         [0;38;2;74;83;104m│[0m [0;38;2;181;227;107m●[0m [0;38;2;162;171;188mguitar[0m  [0;38;2;61;68;84m┄┄┄[0;38;2;114;130;166m┼[0;38;2;61;68;84m┄┄┄[0m  [0;38;2;124;133;154m  0.0[0;38;2;74;83;104m│[0m
         [0;38;2;74;83;104m│[0;38;2;66;120;116m-60[0m [0;38;2;74;83;104m┤[0m [0;48;2;27;97;88m [0m [0;48;2;27;97;88m [0m [0;48;2;27;97;88m [0m [0;48;2;27;97;88m [0m [0;48;2;27;97;88m [0m [0;48;2;27;97;88m [0m [0;48;2;27;97;88m [0m [0;48;2;27;97;88m [0m [0;48;2;27;97;88m [0m [0;48;2;27;97;88m [0m [0;48;2;27;97;88m [0m [0;48;2;27;97;88m [0m [0;48;2;27;97;88m [0m [0;48;2;27;97;88m [0m [0;48;2;27;97;88m [0m [0;48;2;27;97;88m [0m [0;48;2;27;97;88m [0m [0;48;2;27;97;88m [0m [0;48;2;27;97;88m [0m [0;48;2;27;97;88m [0m [0;48;2;27;97;88m [0m [0;48;2;27;97;88m [0m [0;48;2;27;97;88m [0m [0;48;2;27;97;88m [0m [0;48;2;27;97;88m [0m [0;48;2;27;97;88m [0m [0;48;2;27;97;88m [0m [0;48;2;27;97;88m [0m [0;48;2;27;97;88m [0m [0;48;2;27;97;88m [0m [0;48;2;27;97;88m [0m [0;38;2;74;83;104m├[0;38;2;160;155;141m-12[0m [0;38;2;74;83;104m│[0m         [0;38;2;74;83;104m│[0m [0;38;2;79;214;196m●[0m [0;38;2;162;171;188mpiano[0m   [0;38;2;61;68;84m┄┄┄[0;38;2;114;130;166m┼[0;38;2;61;68;84m┄┄┄[0m  [0;38;2;124;133;154m  0.0[0;38;2;74;83;104m│[0m
         [0;38;2;74;83;104m╰─────────────────────────────────────────────────────────────────────────╯[0m         [0;38;2;74;83;104m│[0m [0;38;2;108;182;255m●[0m [0;38;2;238;241;246mvoice[0m   [0;38;2;61;68;84m┄┄┄[0;38;2;114;130;166m┼[0;38;2;99;217;158m●[0;38;2;61;68;84m┄┄[0m  [0;38;2;99;217;158m +3.0[0;38;2;74;83;104m│[0m
                   [0;38;2;223;191;73m-9[0m    [0;38;2;233;177;66m-8[0m    [0;38;2;199;200;83m-11[0m   [0;38;2;129;200;101m-15[0m   [0;38;2;74;197;115m-19[0m   [0;38;2;94;200;110m-17[0m   [0;38;2;66;187;113m-22[0m   [0;38;2;56;175;111m-26[0m   [0;38;2;49;165;110m-29[0m   [0;38;2;31;141;106m-37[0m                 [0;38;2;74;83;104m│[0m [0;38;2;185;156;255m●[0m [0;38;2;162;171;188mcymbals[0m [0;38;2;61;68;84m┄┄┄[0;38;2;114;130;166m┼[0;38;2;61;68;84m┄┄┄[0m  [0;38;2;124;133;154m  0.0[0;38;2;74;83;104m│[0m
                  [0;38;2;162;171;188m32Hz[0m  [0;38;2;162;171;188m64Hz[0m  [0;38;2;162;171;188m125Hz[0m [0;38;2;162;171;188m250Hz[0m [0;38;2;162;171;188m500Hz[0m [0;1;38;2;162;171;188m1kHz[0m  [0;38;2;162;171;188m2kHz[0m  [0;38;2;162;171;188m4kHz[0m  [0;38;2;162;171;188m8kHz[0m  [0;38;2;162;171;188m16kHz[0m                [0;38;2;74;83;104m│[0m [0;38;2;245;144;214m●[0m [0;38;2;162;171;188mair[0m     [0;38;2;61;68;84m┄┄┄[0;38;2;114;130;166m┼[0;38;2;61;68;84m┄┄┄[0m  [0;38;2;124;133;154m  0.0[0;38;2;74;83;104m│[0m
                 [0;38;2;99;217;158;48;2;46;67;61m +4.8  +4.0  +4.2  +2.3 [0m [0;38;2;124;133;154m 0.0 [0;1;38;2;16;19;26;48;2;242;127;188m -3.1 [0m [0;38;2;124;133;154m 0.0 [0m [0;38;2;124;133;154m 0.0 [0;38;2;99;217;158;48;2;46;67;61m +3.1  +2.4 [0m                [0;38;2;74;83;104m╰─────────────────────────╯[0m
          [0;38;2;255;122;89mkck[0m           [0;38;2;255;122;89m━━━━━━━[0m                         [0;38;2;255;122;89m━━━━━━━━━[0m
          [0;38;2;255;174;87mbas[0m         [0;38;2;255;174;87m━━[0m [0;38;2;124;133;154mfundamental[0m [0;38;2;255;174;87m━━[0m        [0;38;2;255;174;87m━━━━━━[0m
          [0;38;2;255;217;102msnr[0m                     [0;38;2;255;217;102m━━━━━[0m                       [0;38;2;255;217;102m━━━━━[0m
          [0;38;2;181;227;107mgtr[0m               [0;38;2;181;227;107m━━━━━━━━━[0m [0;38;2;124;133;154mbody[0m [0;38;2;181;227;107m━━━━━━━━━━[0m   [0;38;2;181;227;107m━[0m [0;38;2;124;133;154mbite[0m [0;38;2;181;227;107m━━[0m
          [0;38;2;79;214;196mpno[0m      [0;38;2;79;214;196m━━━━━━━━━━━━━━━[0m [0;38;2;124;133;154mfundamental[0m [0;38;2;79;214;196m━━━━━━━━━━━━━━━[0m [0;38;2;79;214;196m━━━━━━[0m
          [0;38;2;108;182;255mvox[0m                [0;38;2;108;182;255m━━━━━━━━━━[0m [0;38;2;108;182;255m━━[0m [0;38;2;124;133;154mF1[0m [0;38;2;108;182;255m━━━[0m [0;38;2;108;182;255m━[0m [0;38;2;124;133;154mF2[0m [0;38;2;108;182;255m━━[0m [0;38;2;108;182;255m━━━━━━[0m [0;38;2;108;182;255m━━━━━[0m
          [0;38;2;103;91;138mcym[0m                                                     [0;38;2;103;91;138m━━━━━━━━━[0m
          [0;38;2;130;86;120mair[0m                                                         [0;38;2;130;86;120m━━━━━━━[0m
          [0;1;38;2;99;217;158m✓ [0;38;2;162;171;188msaved: band 1 kHz -3.0 dB[0m
[0;1;38;2;238;241;246;48;2;52;60;77m 1…0 [0;38;2;124;133;154m band  [0;1;38;2;238;241;246;48;2;52;60;77m ⇧ [0;38;2;124;133;154m down  [0;1;38;2;238;241;246;48;2;52;60;77m z [0;38;2;124;133;154m zones on  [0;1;38;2;238;241;246;48;2;52;60;77m i [0;38;2;124;133;154m instruments  [0;1;38;2;238;241;246;48;2;52;60;77m [ ] [0;38;2;124;133;154m focus  [0;1;38;2;238;241;246;48;2;52;60;77m +− [0;38;2;124;133;154m preamp  [0;1;38;2;238;241;246;48;2;52;60;77m p [0;38;2;124;133;154m preset  [0;1;38;2;238;241;246;48;2;52;60;77m u [0;38;2;124;133;154m undo  [0;1;38;2;238;241;246;48;2;52;60;77m ? [0;38;2;124;133;154m keys  [0;1;38;2;238;241;246;48;2;52;60;77m q [0;38;2;124;133;154m quit[0m
