[0;38;2;138;168;255;48;2;57;66;90m ◉ [0;1;38;2;238;241;246;48;2;57;66;90mBE-RCA [0;38;2;74;83;104;48;2;27;30;37m [0;38;2;162;171;188;48;2;27;30;37m44.1 kHz[0;38;2;74;83;104;48;2;27;30;37m │ [0;38;2;124;133;154;48;2;27;30;37mpreamp [0;38;2;242;127;188;48;2;27;30;37m-4.8[0;38;2;124;133;154;48;2;27;30;37m dB[0;38;2;74;83;104;48;2;27;30;37m │ [0;38;2;138;168;255;48;2;27;30;37m◆ [0;1;38;2;221;226;234;48;2;27;30;37mfavourite[0;1;38;2;242;193;78;48;2;27;30;37m*[0;38;2;74;83;104;48;2;27;30;37m │ [0;38;2;108;182;255;48;2;27;30;37m● [0;38;2;221;226;234;48;2;27;30;37mvoice [0;38;2;99;217;158;48;2;27;30;37m+3.0[0;38;2;74;83;104;48;2;27;30;37m │ [0;38;2;124;133;154;48;2;27;30;37mbass [0;38;2;99;217;158;48;2;27;30;37m+1[0;38;2;124;133;154;48;2;27;30;37m treble [0;38;2;242;127;188;48;2;27;30;37m-0.5[0;48;2;27;30;37m                  [0;38;2;124;133;154;48;2;27;30;37m peak [0;38;2;242;163;58;48;2;27;30;37m-6.0[0;38;2;124;133;154;48;2;27;30;37m dB [0m
  [0;4;38;2;138;168;255mM[0;38;2;124;133;154meter [0m  [0;4;38;2;138;168;255mT[0;38;2;124;133;154mune [0m  [0;4;38;2;138;168;255mI[0;38;2;124;133;154mnstruments [0m  [0;4;38;2;138;168;255mP[0;38;2;124;133;154mresets [0m  [0;4;38;2;138;168;255mD[0;38;2;124;133;154mevices [0m [0;1;38;2;16;19;26;48;2;138;168;255m Filters [0m  [0;4;38;2;138;168;255mE[0;38;2;124;133;154mvents [0m                                        [0;1;38;2;138;168;255mg[0;38;2;124;133;154m go[0m  [0;1;38;2;138;168;255m;[0;38;2;124;133;154m cmd[0m
 [0;38;2;114;130;166m╭─[0;1;38;2;162;171;188m filters · BE-RCA [0;38;2;114;130;166m────────────────────────────────────────────────────────────[0;38;2;124;133;154m 4 of 32 · imported: AutoEq · HD 600 [0;38;2;114;130;166m╮[0m
 [0;38;2;114;130;166m│[0m  [0;38;2;124;133;154m#[0m   [0;38;2;124;133;154mtype[0m       [0;38;2;124;133;154mfrequency[0m   [0;38;2;124;133;154mgain[0m      [0;38;2;124;133;154mQ[0m      [0;38;2;124;133;154msource[0m                                                                [0;38;2;114;130;166m│[0m
 [0;38;2;114;130;166m│[0m  [0;38;2;124;133;154m 1[0m  [0;38;2;138;168;255mlowshelf[0m   [0;1;38;2;238;241;246m   105 Hz[0m  [0;38;2;99;217;158m +4.0 dB[0m  [0;38;2;162;171;188m 0.70[0m   [0;38;2;138;168;255mimport[0m                                                                [0;38;2;114;130;166m│[0m
 [0;38;2;114;130;166m│[0;1;38;2;138;168;255;48;2;47;61;99m▸[0;48;2;47;61;99m [0;38;2;124;133;154;48;2;47;61;99m 2[0;48;2;47;61;99m  [0;38;2;138;168;255;48;2;47;61;99mpeak[0;48;2;47;61;99m       [0;1;38;2;238;241;246;48;2;47;61;99m  2.1 kHz[0;48;2;47;61;99m [0;1;38;2;16;19;26;48;2;138;168;255m  -3.2 dB [0;48;2;47;61;99m [0;38;2;162;171;188;48;2;47;61;99m 1.80[0;48;2;47;61;99m   [0;38;2;138;168;255;48;2;47;61;99mimport[0;48;2;47;61;99m                                                                [0;38;2;114;130;166m│[0m
 [0;38;2;114;130;166m│[0m  [0;38;2;124;133;154m 3[0m  [0;38;2;138;168;255mhighshelf[0m  [0;1;38;2;238;241;246m   10 kHz[0m  [0;38;2;99;217;158m +2.0 dB[0m  [0;38;2;162;171;188m 0.70[0m   [0;38;2;138;168;255mimport[0m                                                                [0;38;2;114;130;166m│[0m
 [0;38;2;114;130;166m│[0m  [0;38;2;124;133;154m 4[0m  [0;38;2;138;168;255mpeak[0m       [0;1;38;2;238;241;246m    3 kHz[0m  [0;38;2;242;127;188m -2.0 dB[0m  [0;38;2;162;171;188m 1.41[0m   [0;38;2;99;217;158mhand[0m                                                                  [0;38;2;114;130;166m│[0m
 [0;38;2;114;130;166m╰────────────────────────────────────────────────────────────────────────────────────────────────────────────────────╯[0m
 [0;38;2;74;83;104m╭─[0;1;38;2;162;171;188m response [0;38;2;74;83;104m──────────────────────────────────────────────────────────────────[0;38;2;124;133;154m filters combined · the chosen one lit [0;38;2;74;83;104m╮[0m
 [0;38;2;74;83;104m│[0m [0;38;2;124;133;154m+12[0m                                                                                                                [0;38;2;74;83;104m│[0m
 [0;38;2;74;83;104m│[0m                                                                                                                    [0;38;2;74;83;104m│[0m
 [0;38;2;74;83;104m│[0m                                                                                                                    [0;38;2;74;83;104m│[0m
 [0;38;2;74;83;104m│[0m                                                                                                                    [0;38;2;74;83;104m│[0m
 [0;38;2;74;83;104m│[0m                                                                                                                    [0;38;2;74;83;104m│[0m
 [0;38;2;74;83;104m│[0m                                                                                                                    [0;38;2;74;83;104m│[0m
 [0;38;2;74;83;104m│[0m                                                                                                                    [0;38;2;74;83;104m│[0m
 [0;38;2;74;83;104m│[0m     [0;38;2;243;233;207m⠒⠒⠒⠒⠒⠒⠒⠒⠒⠒⠤⠤⠤⠤⠤⣀⣀⡀[0m                                                                                             [0;38;2;74;83;104m│[0m
 [0;38;2;74;83;104m│[0m     [0;48;2;46;67;61m                 [0;38;2;243;233;207;48;2;46;67;61m⠈[0;38;2;243;233;207m⠉⠒⠢⠤⣀[0m                                                                                        [0;38;2;74;83;104m│[0m
 [0;38;2;74;83;104m│[0m     [0;48;2;46;67;61m                       [0;38;2;243;233;207m⠉[0;1;38;2;238;241;246m●[0;38;2;243;233;207m⠢⠤⣀[0m                                                                     [0;38;2;243;233;207m⢀⣀⠤⠤⠒⠒⠒⠉⠉⠉⠉⠉[0m  [0;38;2;74;83;104m│[0m
 [0;38;2;74;83;104m│[0m     [0;48;2;46;67;61m                            [0;38;2;243;233;207m⠉⠑⠒⠢⠤⠤⢄⣀⣀⣀⣀⣀⣀⣀⣀[0m                                                [0;38;2;243;233;207m⣀⣀⠤⠔⠒⠉[0;1;38;2;238;241;246;48;2;46;67;61m●[0;48;2;46;67;61m           [0m  [0;38;2;74;83;104m│[0m
 [0;38;2;74;83;104m│[0m [0;38;2;124;133;154m  0[0m [0;1;38;2;138;168;255;48;2;46;67;61m⠉⠉⠉⠉⠉⠉⠉⠉⠉⠉⠉⠉⠉⠉⠉⠉⠉⠉⠉⠉⠉⠉⠉⠉⠉⠉⠉⠉⠉⠉⠉⠉⠉⠉⠉⠉⠉⠉⠉⠉⠉⠉⠉[0;1;38;2;138;168;255m⠉⠉⠉⠉⠉⠉⠉⠉⠉⠉⠉⠉⠉⠉⠉⠉⠒⠒⠒⠢⠤⢄[0;1;38;2;138;168;255;48;2;69;52;66m⣀[0;38;2;61;68;84;48;2;69;52;66m┈┈┈┈┈┈┈┈┈┈┈[0;1;38;2;138;168;255;48;2;69;52;66m⢀⣀⠤⠔⠒⠒[0;1;38;2;138;168;255m⠒⠊⠉⠉⠉⠉⠉⠉[0;1;38;2;138;168;255;48;2;46;67;61m⠉⠉⠉⠉⠉⠉⠉⠉⠉⠉⠉⠉⠉⠉⠉⠉⠉⠉[0;38;2;61;68;84m┈[0m [0;38;2;74;83;104m│[0m
 [0;38;2;74;83;104m│[0m                                                                     [0;38;2;243;233;207m⠈⠑[0;1;38;2;138;168;255m⠉⠢[0;1;38;2;138;168;255;48;2;69;52;66m⢄[0;48;2;69;52;66m     [0;1;38;2;138;168;255;48;2;69;52;66m⢀⠤⠊⠁[0;48;2;69;52;66m  [0;38;2;243;233;207m⣀⠔⠊⠁[0m                           [0;38;2;74;83;104m│[0m
 [0;38;2;74;83;104m│[0m                                                                         [0;38;2;243;233;207m⠑[0;1;38;2;138;168;255m⠑[0;1;38;2;138;168;255;48;2;69;52;66m⠤⣀⣀⠔⠁[0;48;2;69;52;66m [0;38;2;243;233;207m⢀[0;1;38;2;238;241;246m●[0;38;2;243;233;207m⠔⠊[0m                               [0;38;2;74;83;104m│[0m
 [0;38;2;74;83;104m│[0m                                                                           [0;38;2;243;233;207m⠑⢄[0;1;38;2;138;168;255m◉[0;38;2;243;233;207m⠤⠔⠊⠁[0m                                  [0;38;2;74;83;104m│[0m
 [0;38;2;74;83;104m│[0m                                                                                                                    [0;38;2;74;83;104m│[0m
 [0;38;2;74;83;104m│[0m                                                                                                                    [0;38;2;74;83;104m│[0m
 [0;38;2;74;83;104m│[0m                                                                                                                    [0;38;2;74;83;104m│[0m
 [0;38;2;74;83;104m│[0m                                                                                                                    [0;38;2;74;83;104m│[0m
 [0;38;2;74;83;104m│[0m                                                                                                                    [0;38;2;74;83;104m│[0m
 [0;38;2;74;83;104m│[0m                                                                                                                    [0;38;2;74;83;104m│[0m
 [0;38;2;74;83;104m│[0m [0;38;2;124;133;154m-12[0m                                                                                                                [0;38;2;74;83;104m│[0m
 [0;38;2;74;83;104m│[0m         [0;38;2;124;133;154m32[0m         [0;38;2;124;133;154m64[0m         [0;38;2;124;133;154m125[0m        [0;38;2;124;133;154m250[0m        [0;38;2;124;133;154m500[0m        [0;38;2;124;133;154m1k[0m         [0;38;2;124;133;154m2k[0m         [0;38;2;124;133;154m4k[0m         [0;38;2;124;133;154m8k[0m         [0;38;2;124;133;154m16k[0m     [0;38;2;74;83;104m│[0m
 [0;38;2;74;83;104m╰────────────────────────────────────────────────────────────────────────────────────────────────────────────────────╯[0m
 [0;38;2;162;171;188mgain — ↑↓ 0.5 dB, ⇧↑↓ 3 dB, Alt↑↓ 0.1 dB[0m
[0;1;38;2;238;241;246;48;2;52;60;77m ← → [0;38;2;124;133;154m field  [0;1;38;2;238;241;246;48;2;52;60;77m ↑ ↓ [0;38;2;124;133;154m change  [0;1;38;2;238;241;246;48;2;52;60;77m Esc [0;38;2;124;133;154m done  [0;1;38;2;238;241;246;48;2;52;60;77m ⇧↑↓ [0;38;2;124;133;154m coarse  [0;1;38;2;238;241;246;48;2;52;60;77m Alt↑↓ [0;38;2;124;133;154m fine  [0;1;38;2;238;241;246;48;2;52;60;77m u [0;38;2;124;133;154m undo  [0;1;38;2;238;241;246;48;2;52;60;77m y [0;38;2;124;133;154m look  [0;1;38;2;238;241;246;48;2;52;60;77m m [0;38;2;124;133;154m mouse off  [0;1;38;2;238;241;246;48;2;52;60;77m ? [0;38;2;124;133;154m keys  [0;1;38;2;238;241;246;48;2;52;60;77m q [0;38;2;124;133;154m quit[0m
