[38;2;236;227;207;48;2;35;32;28m [38;2;126;117;100mDEVICE [1;38;2;244;236;216mBE-RCA[0;38;2;236;227;207;48;2;35;32;28m   [38;2;126;117;100mRATE [1;38;2;236;227;207m44.1k[0;38;2;236;227;207;48;2;35;32;28m   [38;2;126;117;100mPRESET [1;38;2;244;236;216mfavourite*[0;38;2;236;227;207;48;2;35;32;28m   [38;2;126;117;100mVOICE [1;38;2;134;224;166m+3.0[0;38;2;236;227;207;48;2;35;32;28m                                 [38;2;58;35;32m●[38;2;236;227;207m [38;2;126;117;100mSOLO[38;2;236;227;207m  [38;2;58;35;32m●[38;2;236;227;207m [38;2;126;117;100mBYPASS[38;2;236;227;207m  [38;2;58;35;32m●[38;2;236;227;207m [38;2;126;117;100mLIMIT[38;2;236;227;207m  [0m
[38;2;236;227;207;48;2;28;26;23m [1;38;2;22;20;15;48;2;240;162;74m METER [0;38;2;236;227;207;48;2;28;26;23m [38;2;185;174;151;48;2;46;42;36m TUNE [38;2;236;227;207;48;2;28;26;23m [38;2;185;174;151;48;2;46;42;36m INSTRUMENTS [38;2;236;227;207;48;2;28;26;23m [38;2;185;174;151;48;2;46;42;36m FILTERS [38;2;236;227;207;48;2;28;26;23m [38;2;185;174;151;48;2;46;42;36m PRESETS [38;2;236;227;207;48;2;28;26;23m [38;2;185;174;151;48;2;46;42;36m DEVICES [38;2;236;227;207;48;2;28;26;23m [38;2;185;174;151;48;2;46;42;36m APPS [38;2;236;227;207;48;2;28;26;23m [38;2;185;174;151;48;2;46;42;36m SYSTEM [38;2;236;227;207;48;2;28;26;23m [38;2;185;174;151;48;2;46;42;36m EVENTS [38;2;236;227;207;48;2;28;26;23m [38;2;185;174;151;48;2;46;42;36m HISTORY [38;2;236;227;207;48;2;28;26;23m                          [0m
[38;2;236;227;207;48;2;28;26;23m     [1;38;2;42;37;28;48;2;230;218;189m 32 Hz [0;38;2;12;11;9;48;2;28;26;23m│[1;38;2;42;37;28;48;2;230;218;189m 64 Hz [0;38;2;12;11;9;48;2;28;26;23m│[1;38;2;42;37;28;48;2;230;218;189m 125 Hz[0;38;2;12;11;9;48;2;28;26;23m│[1;38;2;42;37;28;48;2;230;218;189m 250 Hz[0;38;2;12;11;9;48;2;28;26;23m│[1;38;2;42;37;28;48;2;230;218;189m 500 Hz[0;38;2;12;11;9;48;2;28;26;23m│[1;38;2;42;37;28;48;2;230;218;189m 1k Hz [0;38;2;12;11;9;48;2;28;26;23m│[1;38;2;42;37;28;48;2;230;218;189m 2k Hz [0;38;2;12;11;9;48;2;28;26;23m│[1;38;2;42;37;28;48;2;230;218;189m 4k Hz [0;38;2;12;11;9;48;2;28;26;23m│[1;38;2;42;37;28;48;2;230;218;189m 8k Hz [0;38;2;12;11;9;48;2;28;26;23m│[1;38;2;42;37;28;48;2;230;218;189m 16k Hz[0;38;2;12;11;9;48;2;28;26;23m│[38;2;236;227;207m     [38;2;58;53;45m╭─[1;38;2;185;174;151m MASTER [0;38;2;58;53;45;48;2;28;26;23m──────────────────╮[38;2;236;227;207m [0m
[38;2;236;227;207;48;2;28;26;23m [38;2;126;117;100m  0[38;2;236;227;207m   [38;2;58;21;18m▆▆▆[38;2;236;227;207m  [38;2;12;11;9m│[38;2;236;227;207m  [38;2;255;75;62m▆▆▆[38;2;236;227;207m  [38;2;12;11;9m│[38;2;236;227;207m  [38;2;58;21;18m▆▆▆[38;2;236;227;207m  [38;2;12;11;9m│[38;2;236;227;207m  [38;2;58;21;18m▆▆▆[38;2;236;227;207m  [38;2;12;11;9m│[38;2;236;227;207m  [38;2;58;21;18m▆▆▆[38;2;236;227;207m  [38;2;12;11;9m│[38;2;236;227;207m  [38;2;58;21;18m▆▆▆[38;2;236;227;207m  [38;2;12;11;9m│[38;2;236;227;207m  [38;2;58;21;18m▆▆▆[38;2;236;227;207m  [38;2;12;11;9m│[38;2;236;227;207m  [38;2;58;21;18m▆▆▆[38;2;236;227;207m  [38;2;12;11;9m│[38;2;236;227;207m  [38;2;58;21;18m▆▆▆[38;2;236;227;207m  [38;2;12;11;9m│[38;2;236;227;207m  [38;2;58;21;18m▆▆▆[38;2;236;227;207m  [38;2;12;11;9m│[38;2;236;227;207m     [38;2;58;53;45m│[38;2;236;227;207m                           [38;2;58;53;45m│[38;2;236;227;207m [0m
[38;2;236;227;207;48;2;28;26;23m [38;2;126;117;100m -6[38;2;236;227;207m   [38;2;255;75;62m▆▆▆[38;2;236;227;207m  [38;2;12;11;9m│[38;2;236;227;207m  [38;2;58;21;18m▆▆▆[38;2;236;227;207m  [38;2;12;11;9m│[38;2;236;227;207m  [38;2;58;21;18m▆▆▆[38;2;236;227;207m  [38;2;12;11;9m│[38;2;236;227;207m  [38;2;58;21;18m▆▆▆[38;2;236;227;207m  [38;2;12;11;9m│[38;2;236;227;207m  [38;2;58;21;18m▆▆▆[38;2;236;227;207m  [38;2;12;11;9m│[38;2;236;227;207m  [38;2;58;21;18m▆▆▆[38;2;236;227;207m  [38;2;12;11;9m│[38;2;236;227;207m  [38;2;58;21;18m▆▆▆[38;2;236;227;207m  [38;2;12;11;9m│[38;2;236;227;207m  [38;2;58;21;18m▆▆▆[38;2;236;227;207m  [38;2;12;11;9m│[38;2;236;227;207m  [38;2;58;21;18m▆▆▆[38;2;236;227;207m  [38;2;12;11;9m│[38;2;236;227;207m  [38;2;58;21;18m▆▆▆[38;2;236;227;207m  [38;2;12;11;9m│[38;2;236;227;207m     [38;2;58;53;45m│[38;2;236;227;207m [48;2;11;44;99m [38;2;143;211;255m20[38;2;236;227;207m  [38;2;143;211;255m10[38;2;236;227;207m   [38;2;143;211;255m6[38;2;236;227;207m   [38;2;143;211;255m3[38;2;236;227;207m    [38;2;143;211;255m1[38;2;236;227;207m   [38;2;143;211;255m0[38;2;236;227;207m [48;2;28;26;23m [38;2;58;53;45m│[38;2;236;227;207m [0m
[38;2;236;227;207;48;2;28;26;23m       [38;2;53;47;16m▆▆▆[38;2;236;227;207m  [38;2;12;11;9m│[38;2;236;227;207m  [38;2;245;213;71m▆▆▆[38;2;236;227;207m  [38;2;12;11;9m│[38;2;236;227;207m  [38;2;245;213;71m▆▆▆[38;2;236;227;207m  [38;2;12;11;9m│[38;2;236;227;207m  [38;2;53;47;16m▆▆▆[38;2;236;227;207m  [38;2;12;11;9m│[38;2;236;227;207m  [38;2;53;47;16m▆▆▆[38;2;236;227;207m  [38;2;12;11;9m│[38;2;236;227;207m  [38;2;53;47;16m▆▆▆[38;2;236;227;207m  [38;2;12;11;9m│[38;2;236;227;207m  [38;2;53;47;16m▆▆▆[38;2;236;227;207m  [38;2;12;11;9m│[38;2;236;227;207m  [38;2;53;47;16m▆▆▆[38;2;236;227;207m  [38;2;12;11;9m│[38;2;236;227;207m  [38;2;53;47;16m▆▆▆[38;2;236;227;207m  [38;2;12;11;9m│[38;2;236;227;207m  [38;2;53;47;16m▆▆▆[38;2;236;227;207m  [38;2;12;11;9m│[38;2;236;227;207m     [38;2;58;53;45m│[38;2;236;227;207m [48;2;11;44;99m [38;2;143;211;255m╷┈┈┈┈┈┈┈┈┈┈┈┈┈┈┈┈┈[1;38;2;251;248;239m┃[0;38;2;143;211;255;48;2;11;44;99m┈┈┈╷[38;2;236;227;207m [48;2;28;26;23m [38;2;58;53;45m│[38;2;236;227;207m [0m
[38;2;236;227;207;48;2;28;26;23m       [38;2;245;213;71m▆▆▆[38;2;236;227;207m  [38;2;12;11;9m│[38;2;236;227;207m  [38;2;245;213;71m▆▆▆[38;2;236;227;207m  [38;2;12;11;9m│[38;2;236;227;207m  [38;2;245;213;71m▆▆▆[38;2;236;227;207m  [38;2;12;11;9m│[38;2;236;227;207m  [38;2;245;213;71m▆▆▆[38;2;236;227;207m  [38;2;12;11;9m│[38;2;236;227;207m  [38;2;53;47;16m▆▆▆[38;2;236;227;207m  [38;2;12;11;9m│[38;2;236;227;207m  [38;2;53;47;16m▆▆▆[38;2;236;227;207m  [38;2;12;11;9m│[38;2;236;227;207m  [38;2;53;47;16m▆▆▆[38;2;236;227;207m  [38;2;12;11;9m│[38;2;236;227;207m  [38;2;53;47;16m▆▆▆[38;2;236;227;207m  [38;2;12;11;9m│[38;2;236;227;207m  [38;2;53;47;16m▆▆▆[38;2;236;227;207m  [38;2;12;11;9m│[38;2;236;227;207m  [38;2;53;47;16m▆▆▆[38;2;236;227;207m  [38;2;12;11;9m│[38;2;236;227;207m     [38;2;58;53;45m│[38;2;236;227;207m [48;2;11;44;99m                   [1;38;2;251;248;239m┃[0;38;2;236;227;207;48;2;11;44;99m     [48;2;28;26;23m [38;2;58;53;45m│[38;2;236;227;207m [0m
[38;2;236;227;207;48;2;28;26;23m       [38;2;245;213;71m▆▆▆[38;2;236;227;207m  [38;2;12;11;9m│[38;2;236;227;207m  [38;2;245;213;71m▆▆▆[38;2;236;227;207m  [38;2;12;11;9m│[38;2;236;227;207m  [38;2;245;213;71m▆▆▆[38;2;236;227;207m  [38;2;12;11;9m│[38;2;236;227;207m  [38;2;53;47;16m▆▆▆[38;2;236;227;207m  [38;2;12;11;9m│[38;2;236;227;207m  [38;2;245;213;71m▆▆▆[38;2;236;227;207m  [38;2;12;11;9m│[38;2;236;227;207m  [38;2;245;213;71m▆▆▆[38;2;236;227;207m  [38;2;12;11;9m│[38;2;236;227;207m  [38;2;53;47;16m▆▆▆[38;2;236;227;207m  [38;2;12;11;9m│[38;2;236;227;207m  [38;2;53;47;16m▆▆▆[38;2;236;227;207m  [38;2;12;11;9m│[38;2;236;227;207m  [38;2;53;47;16m▆▆▆[38;2;236;227;207m  [38;2;12;11;9m│[38;2;236;227;207m  [38;2;53;47;16m▆▆▆[38;2;236;227;207m  [38;2;12;11;9m│[38;2;236;227;207m     [38;2;58;53;45m│[38;2;236;227;207m [48;2;11;44;99m [1;38;2;143;211;255mGR[0;38;2;236;227;207;48;2;11;44;99m                [1;38;2;251;248;239m -2.1[0;38;2;236;227;207;48;2;11;44;99m [48;2;28;26;23m [38;2;58;53;45m│[38;2;236;227;207m [0m
[38;2;236;227;207;48;2;28;26;23m [38;2;126;117;100m-18[38;2;236;227;207m   [38;2;245;213;71m▆▆▆[38;2;236;227;207m  [38;2;12;11;9m│[38;2;236;227;207m  [38;2;245;213;71m▆▆▆[38;2;236;227;207m  [38;2;12;11;9m│[38;2;236;227;207m  [38;2;245;213;71m▆▆▆[38;2;236;227;207m  [38;2;12;11;9m│[38;2;236;227;207m  [38;2;245;213;71m▆▆▆[38;2;236;227;207m  [38;2;12;11;9m│[38;2;236;227;207m  [38;2;53;47;16m▆▆▆[38;2;236;227;207m  [38;2;12;11;9m│[38;2;236;227;207m  [38;2;245;213;71m▆▆▆[38;2;236;227;207m  [38;2;12;11;9m│[38;2;236;227;207m  [38;2;245;213;71m▆▆▆[38;2;236;227;207m  [38;2;12;11;9m│[38;2;236;227;207m  [38;2;53;47;16m▆▆▆[38;2;236;227;207m  [38;2;12;11;9m│[38;2;236;227;207m  [38;2;53;47;16m▆▆▆[38;2;236;227;207m  [38;2;12;11;9m│[38;2;236;227;207m  [38;2;53;47;16m▆▆▆[38;2;236;227;207m  [38;2;12;11;9m│[38;2;236;227;207m     [38;2;58;53;45m│[38;2;236;227;207m                           [38;2;58;53;45m│[38;2;236;227;207m [0m
[38;2;236;227;207;48;2;28;26;23m       [38;2;61;220;116m▆▆▆[38;2;236;227;207m  [38;2;12;11;9m│[38;2;236;227;207m  [38;2;61;220;116m▆▆▆[38;2;236;227;207m  [38;2;12;11;9m│[38;2;236;227;207m  [38;2;61;220;116m▆▆▆[38;2;236;227;207m  [38;2;12;11;9m│[38;2;236;227;207m  [38;2;61;220;116m▆▆▆[38;2;236;227;207m  [38;2;12;11;9m│[38;2;236;227;207m  [38;2;61;220;116m▆▆▆[38;2;236;227;207m  [38;2;12;11;9m│[38;2;236;227;207m  [38;2;61;220;116m▆▆▆[38;2;236;227;207m  [38;2;12;11;9m│[38;2;236;227;207m  [38;2;18;48;29m▆▆▆[38;2;236;227;207m  [38;2;12;11;9m│[38;2;236;227;207m  [38;2;61;220;116m▆▆▆[38;2;236;227;207m  [38;2;12;11;9m│[38;2;236;227;207m  [38;2;18;48;29m▆▆▆[38;2;236;227;207m  [38;2;12;11;9m│[38;2;236;227;207m  [38;2;18;48;29m▆▆▆[38;2;236;227;207m  [38;2;12;11;9m│[38;2;236;227;207m     [38;2;58;53;45m│[38;2;236;227;207m [38;2;126;117;100mCOMP[38;2;236;227;207m [38;2;58;35;32m●[38;2;126;117;100moff[38;2;236;227;207m [38;2;58;35;32m●[38;2;126;117;100mgentle[38;2;236;227;207m [38;2;240;162;74m●[1;38;2;244;236;216mnight[0;38;2;236;227;207;48;2;28;26;23m  [38;2;58;53;45m│[38;2;236;227;207m [0m
[38;2;236;227;207;48;2;28;26;23m       [38;2;61;220;116m▆▆▆[38;2;236;227;207m  [38;2;12;11;9m│[38;2;236;227;207m  [38;2;61;220;116m▆▆▆[38;2;236;227;207m  [38;2;12;11;9m│[38;2;236;227;207m  [38;2;61;220;116m▆▆▆[38;2;236;227;207m  [38;2;12;11;9m│[38;2;236;227;207m  [38;2;61;220;116m▆▆▆[38;2;236;227;207m  [38;2;12;11;9m│[38;2;236;227;207m  [38;2;61;220;116m▆▆▆[38;2;236;227;207m  [38;2;12;11;9m│[38;2;236;227;207m  [38;2;61;220;116m▆▆▆[38;2;236;227;207m  [38;2;12;11;9m│[38;2;236;227;207m  [38;2;61;220;116m▆▆▆[38;2;236;227;207m  [38;2;12;11;9m│[38;2;236;227;207m  [38;2;18;48;29m▆▆▆[38;2;236;227;207m  [38;2;12;11;9m│[38;2;236;227;207m  [38;2;61;220;116m▆▆▆[38;2;236;227;207m  [38;2;12;11;9m│[38;2;236;227;207m  [38;2;18;48;29m▆▆▆[38;2;236;227;207m  [38;2;12;11;9m│[38;2;236;227;207m     [38;2;58;53;45m│[38;2;236;227;207m                           [38;2;58;53;45m│[38;2;236;227;207m [0m
[38;2;236;227;207;48;2;28;26;23m       [38;2;61;220;116m▆▆▆[38;2;236;227;207m  [38;2;12;11;9m│[38;2;236;227;207m  [38;2;61;220;116m▆▆▆[38;2;236;227;207m  [38;2;12;11;9m│[38;2;236;227;207m  [38;2;61;220;116m▆▆▆[38;2;236;227;207m  [38;2;12;11;9m│[38;2;236;227;207m  [38;2;61;220;116m▆▆▆[38;2;236;227;207m  [38;2;12;11;9m│[38;2;236;227;207m  [38;2;61;220;116m▆▆▆[38;2;236;227;207m  [38;2;12;11;9m│[38;2;236;227;207m  [38;2;61;220;116m▆▆▆[38;2;236;227;207m  [38;2;12;11;9m│[38;2;236;227;207m  [38;2;61;220;116m▆▆▆[38;2;236;227;207m  [38;2;12;11;9m│[38;2;236;227;207m  [38;2;61;220;116m▆▆▆[38;2;236;227;207m  [38;2;12;11;9m│[38;2;236;227;207m  [38;2;18;48;29m▆▆▆[38;2;236;227;207m  [38;2;12;11;9m│[38;2;236;227;207m  [38;2;18;48;29m▆▆▆[38;2;236;227;207m  [38;2;12;11;9m│[38;2;236;227;207m     [38;2;58;53;45m│[38;2;236;227;207m [38;2;126;117;100mLIMIT[38;2;236;227;207m [38;2;58;35;32m●[38;2;236;227;207m     [38;2;126;117;100mPEAK[38;2;236;227;207m [38;2;255;181;71;48;2;11;10;7m  -6.0 [38;2;236;227;207;48;2;28;26;23m  [38;2;58;53;45m│[38;2;236;227;207m [0m
[38;2;236;227;207;48;2;28;26;23m [38;2;126;117;100m-30[38;2;236;227;207m   [38;2;61;220;116m▆▆▆[38;2;236;227;207m  [38;2;12;11;9m│[38;2;236;227;207m  [38;2;61;220;116m▆▆▆[38;2;236;227;207m  [38;2;12;11;9m│[38;2;236;227;207m  [38;2;61;220;116m▆▆▆[38;2;236;227;207m  [38;2;12;11;9m│[38;2;236;227;207m  [38;2;61;220;116m▆▆▆[38;2;236;227;207m  [38;2;12;11;9m│[38;2;236;227;207m  [38;2;61;220;116m▆▆▆[38;2;236;227;207m  [38;2;12;11;9m│[38;2;236;227;207m  [38;2;61;220;116m▆▆▆[38;2;236;227;207m  [38;2;12;11;9m│[38;2;236;227;207m  [38;2;61;220;116m▆▆▆[38;2;236;227;207m  [38;2;12;11;9m│[38;2;236;227;207m  [38;2;61;220;116m▆▆▆[38;2;236;227;207m  [38;2;12;11;9m│[38;2;236;227;207m  [38;2;61;220;116m▆▆▆[38;2;236;227;207m  [38;2;12;11;9m│[38;2;236;227;207m  [38;2;61;220;116m▆▆▆[38;2;236;227;207m  [38;2;12;11;9m│[38;2;236;227;207m     [38;2;58;53;45m│[38;2;236;227;207m                           [38;2;58;53;45m│[38;2;236;227;207m [0m
[38;2;236;227;207;48;2;28;26;23m       [38;2;61;220;116m▆▆▆[38;2;236;227;207m  [38;2;12;11;9m│[38;2;236;227;207m  [38;2;61;220;116m▆▆▆[38;2;236;227;207m  [38;2;12;11;9m│[38;2;236;227;207m  [38;2;61;220;116m▆▆▆[38;2;236;227;207m  [38;2;12;11;9m│[38;2;236;227;207m  [38;2;61;220;116m▆▆▆[38;2;236;227;207m  [38;2;12;11;9m│[38;2;236;227;207m  [38;2;61;220;116m▆▆▆[38;2;236;227;207m  [38;2;12;11;9m│[38;2;236;227;207m  [38;2;61;220;116m▆▆▆[38;2;236;227;207m  [38;2;12;11;9m│[38;2;236;227;207m  [38;2;61;220;116m▆▆▆[38;2;236;227;207m  [38;2;12;11;9m│[38;2;236;227;207m  [38;2;61;220;116m▆▆▆[38;2;236;227;207m  [38;2;12;11;9m│[38;2;236;227;207m  [38;2;61;220;116m▆▆▆[38;2;236;227;207m  [38;2;12;11;9m│[38;2;236;227;207m  [38;2;18;48;29m▆▆▆[38;2;236;227;207m  [38;2;12;11;9m│[38;2;236;227;207m     [38;2;58;53;45m│[38;2;236;227;207m [38;2;126;117;100mPREAMP[38;2;236;227;207m [38;2;59;54;46m───[38;2;216;209;194m█[38;2;59;54;46m─[38;2;126;117;100m┼[38;2;59;54;46m─────[38;2;236;227;207m [1;38;2;245;140;195m -4.8[0;38;2;236;227;207;48;2;28;26;23m  [38;2;58;53;45m│[38;2;236;227;207m [0m
[38;2;236;227;207;48;2;28;26;23m       [38;2;61;220;116m▆▆▆[38;2;236;227;207m  [38;2;12;11;9m│[38;2;236;227;207m  [38;2;61;220;116m▆▆▆[38;2;236;227;207m  [38;2;12;11;9m│[38;2;236;227;207m  [38;2;61;220;116m▆▆▆[38;2;236;227;207m  [38;2;12;11;9m│[38;2;236;227;207m  [38;2;61;220;116m▆▆▆[38;2;236;227;207m  [38;2;12;11;9m│[38;2;236;227;207m  [38;2;61;220;116m▆▆▆[38;2;236;227;207m  [38;2;12;11;9m│[38;2;236;227;207m  [38;2;61;220;116m▆▆▆[38;2;236;227;207m  [38;2;12;11;9m│[38;2;236;227;207m  [38;2;61;220;116m▆▆▆[38;2;236;227;207m  [38;2;12;11;9m│[38;2;236;227;207m  [38;2;61;220;116m▆▆▆[38;2;236;227;207m  [38;2;12;11;9m│[38;2;236;227;207m  [38;2;61;220;116m▆▆▆[38;2;236;227;207m  [38;2;12;11;9m│[38;2;236;227;207m  [38;2;18;48;29m▆▆▆[38;2;236;227;207m  [38;2;12;11;9m│[38;2;236;227;207m     [38;2;58;53;45m│[38;2;236;227;207m                           [38;2;58;53;45m│[38;2;236;227;207m [0m
[38;2;236;227;207;48;2;28;26;23m       [38;2;61;220;116m▆▆▆[38;2;236;227;207m  [38;2;12;11;9m│[38;2;236;227;207m  [38;2;61;220;116m▆▆▆[38;2;236;227;207m  [38;2;12;11;9m│[38;2;236;227;207m  [38;2;61;220;116m▆▆▆[38;2;236;227;207m  [38;2;12;11;9m│[38;2;236;227;207m  [38;2;61;220;116m▆▆▆[38;2;236;227;207m  [38;2;12;11;9m│[38;2;236;227;207m  [38;2;61;220;116m▆▆▆[38;2;236;227;207m  [38;2;12;11;9m│[38;2;236;227;207m  [38;2;61;220;116m▆▆▆[38;2;236;227;207m  [38;2;12;11;9m│[38;2;236;227;207m  [38;2;61;220;116m▆▆▆[38;2;236;227;207m  [38;2;12;11;9m│[38;2;236;227;207m  [38;2;61;220;116m▆▆▆[38;2;236;227;207m  [38;2;12;11;9m│[38;2;236;227;207m  [38;2;61;220;116m▆▆▆[38;2;236;227;207m  [38;2;12;11;9m│[38;2;236;227;207m  [38;2;61;220;116m▆▆▆[38;2;236;227;207m  [38;2;12;11;9m│[38;2;236;227;207m     [38;2;58;53;45m│[38;2;236;227;207m [1;38;2;134;224;166;48;2;46;42;36m ↗ [0;38;2;236;227;207;48;2;28;26;23m [38;2;126;117;100mBASS[38;2;236;227;207m [1;38;2;245;140;195;48;2;46;42;36m ↑ [0;38;2;236;227;207;48;2;28;26;23m [38;2;126;117;100mTREB[38;2;236;227;207m [1;38;2;244;236;216;48;2;46;42;36m ↑ [0;38;2;236;227;207;48;2;28;26;23m [38;2;126;117;100mTILT[38;2;58;53;45m│[38;2;236;227;207m [0m
[38;2;236;227;207;48;2;28;26;23m [38;2;126;117;100m-42[38;2;236;227;207m   [38;2;61;220;116m▆▆▆[38;2;236;227;207m  [38;2;12;11;9m│[38;2;236;227;207m  [38;2;61;220;116m▆▆▆[38;2;236;227;207m  [38;2;12;11;9m│[38;2;236;227;207m  [38;2;61;220;116m▆▆▆[38;2;236;227;207m  [38;2;12;11;9m│[38;2;236;227;207m  [38;2;61;220;116m▆▆▆[38;2;236;227;207m  [38;2;12;11;9m│[38;2;236;227;207m  [38;2;61;220;116m▆▆▆[38;2;236;227;207m  [38;2;12;11;9m│[38;2;236;227;207m  [38;2;61;220;116m▆▆▆[38;2;236;227;207m  [38;2;12;11;9m│[38;2;236;227;207m  [38;2;61;220;116m▆▆▆[38;2;236;227;207m  [38;2;12;11;9m│[38;2;236;227;207m  [38;2;61;220;116m▆▆▆[38;2;236;227;207m  [38;2;12;11;9m│[38;2;236;227;207m  [38;2;61;220;116m▆▆▆[38;2;236;227;207m  [38;2;12;11;9m│[38;2;236;227;207m  [38;2;61;220;116m▆▆▆[38;2;236;227;207m  [38;2;12;11;9m│[38;2;236;227;207m     [38;2;58;53;45m│[38;2;236;227;207m [38;2;134;224;166m +1.0[38;2;236;227;207m    [38;2;245;140;195m -0.5[38;2;236;227;207m    [38;2;126;117;100m  0.0[38;2;236;227;207m   [38;2;58;53;45m│[38;2;236;227;207m [0m
[38;2;236;227;207;48;2;28;26;23m       [38;2;61;220;116m▆▆▆[38;2;236;227;207m  [38;2;12;11;9m│[38;2;236;227;207m  [38;2;61;220;116m▆▆▆[38;2;236;227;207m  [38;2;12;11;9m│[38;2;236;227;207m  [38;2;61;220;116m▆▆▆[38;2;236;227;207m  [38;2;12;11;9m│[38;2;236;227;207m  [38;2;61;220;116m▆▆▆[38;2;236;227;207m  [38;2;12;11;9m│[38;2;236;227;207m  [38;2;61;220;116m▆▆▆[38;2;236;227;207m  [38;2;12;11;9m│[38;2;236;227;207m  [38;2;61;220;116m▆▆▆[38;2;236;227;207m  [38;2;12;11;9m│[38;2;236;227;207m  [38;2;61;220;116m▆▆▆[38;2;236;227;207m  [38;2;12;11;9m│[38;2;236;227;207m  [38;2;61;220;116m▆▆▆[38;2;236;227;207m  [38;2;12;11;9m│[38;2;236;227;207m  [38;2;61;220;116m▆▆▆[38;2;236;227;207m  [38;2;12;11;9m│[38;2;236;227;207m  [38;2;61;220;116m▆▆▆[38;2;236;227;207m  [38;2;12;11;9m│[38;2;236;227;207m     [38;2;58;53;45m│[38;2;236;227;207m                           [38;2;58;53;45m│[38;2;236;227;207m [0m
[38;2;236;227;207;48;2;28;26;23m       [38;2;61;220;116m▆▆▆[38;2;236;227;207m  [38;2;12;11;9m│[38;2;236;227;207m  [38;2;61;220;116m▆▆▆[38;2;236;227;207m  [38;2;12;11;9m│[38;2;236;227;207m  [38;2;61;220;116m▆▆▆[38;2;236;227;207m  [38;2;12;11;9m│[38;2;236;227;207m  [38;2;61;220;116m▆▆▆[38;2;236;227;207m  [38;2;12;11;9m│[38;2;236;227;207m  [38;2;61;220;116m▆▆▆[38;2;236;227;207m  [38;2;12;11;9m│[38;2;236;227;207m  [38;2;61;220;116m▆▆▆[38;2;236;227;207m  [38;2;12;11;9m│[38;2;236;227;207m  [38;2;61;220;116m▆▆▆[38;2;236;227;207m  [38;2;12;11;9m│[38;2;236;227;207m  [38;2;61;220;116m▆▆▆[38;2;236;227;207m  [38;2;12;11;9m│[38;2;236;227;207m  [38;2;61;220;116m▆▆▆[38;2;236;227;207m  [38;2;12;11;9m│[38;2;236;227;207m  [38;2;61;220;116m▆▆▆[38;2;236;227;207m  [38;2;12;11;9m│[38;2;236;227;207m     [38;2;58;53;45m│[38;2;236;227;207m [38;2;126;117;100mINSTRUMENT KNOBS[38;2;236;227;207m          [38;2;58;53;45m│[38;2;236;227;207m [0m
[38;2;236;227;207;48;2;28;26;23m       [38;2;61;220;116m▆▆▆[38;2;236;227;207m  [38;2;12;11;9m│[38;2;236;227;207m  [38;2;61;220;116m▆▆▆[38;2;236;227;207m  [38;2;12;11;9m│[38;2;236;227;207m  [38;2;61;220;116m▆▆▆[38;2;236;227;207m  [38;2;12;11;9m│[38;2;236;227;207m  [38;2;61;220;116m▆▆▆[38;2;236;227;207m  [38;2;12;11;9m│[38;2;236;227;207m  [38;2;61;220;116m▆▆▆[38;2;236;227;207m  [38;2;12;11;9m│[38;2;236;227;207m  [38;2;61;220;116m▆▆▆[38;2;236;227;207m  [38;2;12;11;9m│[38;2;236;227;207m  [38;2;61;220;116m▆▆▆[38;2;236;227;207m  [38;2;12;11;9m│[38;2;236;227;207m  [38;2;61;220;116m▆▆▆[38;2;236;227;207m  [38;2;12;11;9m│[38;2;236;227;207m  [38;2;61;220;116m▆▆▆[38;2;236;227;207m  [38;2;12;11;9m│[38;2;236;227;207m  [38;2;61;220;116m▆▆▆[38;2;236;227;207m  [38;2;12;11;9m│[38;2;236;227;207m     [38;2;58;53;45m│[38;2;236;227;207m [1;38;2;244;236;216;48;2;46;42;36m ↑ [0;38;2;236;227;207;48;2;28;26;23m [38;2;255;122;89mKCK[38;2;236;227;207m  [1;38;2;244;236;216;48;2;46;42;36m ↑ [0;38;2;236;227;207;48;2;28;26;23m [38;2;255;174;87mBAS[38;2;236;227;207m  [1;38;2;244;236;216;48;2;46;42;36m ↑ [0;38;2;236;227;207;48;2;28;26;23m [38;2;255;217;102mSNR[38;2;236;227;207m [38;2;58;53;45m│[38;2;236;227;207m [0m
[38;2;236;227;207;48;2;28;26;23m       [38;2;61;220;116m▆▆▆[38;2;236;227;207m  [38;2;12;11;9m│[38;2;236;227;207m  [38;2;61;220;116m▆▆▆[38;2;236;227;207m  [38;2;12;11;9m│[38;2;236;227;207m  [38;2;61;220;116m▆▆▆[38;2;236;227;207m  [38;2;12;11;9m│[38;2;236;227;207m  [38;2;61;220;116m▆▆▆[38;2;236;227;207m  [38;2;12;11;9m│[38;2;236;227;207m  [38;2;61;220;116m▆▆▆[38;2;236;227;207m  [38;2;12;11;9m│[38;2;236;227;207m  [38;2;61;220;116m▆▆▆[38;2;236;227;207m  [38;2;12;11;9m│[38;2;236;227;207m  [38;2;61;220;116m▆▆▆[38;2;236;227;207m  [38;2;12;11;9m│[38;2;236;227;207m  [38;2;61;220;116m▆▆▆[38;2;236;227;207m  [38;2;12;11;9m│[38;2;236;227;207m  [38;2;61;220;116m▆▆▆[38;2;236;227;207m  [38;2;12;11;9m│[38;2;236;227;207m  [38;2;61;220;116m▆▆▆[38;2;236;227;207m  [38;2;12;11;9m│[38;2;236;227;207m     [38;2;58;53;45m│[38;2;236;227;207m [38;2;126;117;100m  0.0[38;2;236;227;207m    [38;2;126;117;100m  0.0[38;2;236;227;207m    [38;2;126;117;100m  0.0[38;2;236;227;207m   [38;2;58;53;45m│[38;2;236;227;207m [0m
[38;2;236;227;207;48;2;28;26;23m [38;2;126;117;100m-60[38;2;236;227;207m   [38;2;61;220;116m▆▆▆[38;2;236;227;207m  [38;2;12;11;9m│[38;2;236;227;207m  [38;2;61;220;116m▆▆▆[38;2;236;227;207m  [38;2;12;11;9m│[38;2;236;227;207m  [38;2;61;220;116m▆▆▆[38;2;236;227;207m  [38;2;12;11;9m│[38;2;236;227;207m  [38;2;61;220;116m▆▆▆[38;2;236;227;207m  [38;2;12;11;9m│[38;2;236;227;207m  [38;2;61;220;116m▆▆▆[38;2;236;227;207m  [38;2;12;11;9m│[38;2;236;227;207m  [38;2;61;220;116m▆▆▆[38;2;236;227;207m  [38;2;12;11;9m│[38;2;236;227;207m  [38;2;61;220;116m▆▆▆[38;2;236;227;207m  [38;2;12;11;9m│[38;2;236;227;207m  [38;2;61;220;116m▆▆▆[38;2;236;227;207m  [38;2;12;11;9m│[38;2;236;227;207m  [38;2;61;220;116m▆▆▆[38;2;236;227;207m  [38;2;12;11;9m│[38;2;236;227;207m  [38;2;61;220;116m▆▆▆[38;2;236;227;207m  [38;2;12;11;9m│[38;2;236;227;207m     [38;2;58;53;45m│[38;2;236;227;207m                           [38;2;58;53;45m│[38;2;236;227;207m [0m
[38;2;236;227;207;48;2;28;26;23m      [38;2;255;181;71;48;2;11;10;7m -9.0[38;2;236;227;207;48;2;28;26;23m [38;2;12;11;9m│[38;2;236;227;207m [38;2;255;181;71;48;2;11;10;7m -7.5[38;2;236;227;207;48;2;28;26;23m [38;2;12;11;9m│[38;2;236;227;207m [38;2;255;181;71;48;2;11;10;7m-11.0[38;2;236;227;207;48;2;28;26;23m [38;2;12;11;9m│[38;2;236;227;207m [38;2;255;181;71;48;2;11;10;7m-15.0[38;2;236;227;207;48;2;28;26;23m [38;2;12;11;9m│[38;2;236;227;207m [38;2;255;181;71;48;2;11;10;7m-19.0[38;2;236;227;207;48;2;28;26;23m [38;2;12;11;9m│[38;2;236;227;207m [38;2;255;181;71;48;2;11;10;7m-17.0[38;2;236;227;207;48;2;28;26;23m [38;2;12;11;9m│[38;2;236;227;207m [38;2;255;181;71;48;2;11;10;7m-22.0[38;2;236;227;207;48;2;28;26;23m [38;2;12;11;9m│[38;2;236;227;207m [38;2;255;181;71;48;2;11;10;7m-26.0[38;2;236;227;207;48;2;28;26;23m [38;2;12;11;9m│[38;2;236;227;207m [38;2;255;181;71;48;2;11;10;7m-29.0[38;2;236;227;207;48;2;28;26;23m [38;2;12;11;9m│[38;2;236;227;207m [38;2;255;181;71;48;2;11;10;7m-37.0[38;2;236;227;207;48;2;28;26;23m [38;2;12;11;9m│[38;2;236;227;207m     [38;2;58;53;45m│[38;2;236;227;207m [1;38;2;244;236;216;48;2;46;42;36m ↑ [0;38;2;236;227;207;48;2;28;26;23m [38;2;181;227;107mGTR[38;2;236;227;207m  [1;38;2;244;236;216;48;2;46;42;36m ↑ [0;38;2;236;227;207;48;2;28;26;23m [38;2;79;214;196mPNO[38;2;236;227;207m  [1;38;2;134;224;166;48;2;46;42;36m ↗ [0;38;2;236;227;207;48;2;28;26;23m [38;2;108;182;255mVOX[38;2;236;227;207m [38;2;58;53;45m│[38;2;236;227;207m [0m
[38;2;236;227;207;48;2;28;26;23m        [38;2;59;54;46m│[38;2;236;227;207m   [38;2;12;11;9m│[38;2;236;227;207m   [38;2;59;54;46m│[38;2;236;227;207m   [38;2;12;11;9m│[38;2;236;227;207m   [38;2;59;54;46m│[38;2;236;227;207m   [38;2;12;11;9m│[38;2;236;227;207m   [38;2;59;54;46m│[38;2;236;227;207m   [38;2;12;11;9m│[38;2;236;227;207m   [38;2;59;54;46m│[38;2;236;227;207m   [38;2;12;11;9m│[38;2;236;227;207m   [38;2;59;54;46m│[38;2;236;227;207m   [38;2;12;11;9m│[38;2;236;227;207m   [38;2;59;54;46m│[38;2;236;227;207m   [38;2;12;11;9m│[38;2;236;227;207m   [38;2;59;54;46m│[38;2;236;227;207m   [38;2;12;11;9m│[38;2;236;227;207m   [38;2;59;54;46m│[38;2;236;227;207m   [38;2;12;11;9m│[38;2;236;227;207m   [38;2;59;54;46m│[38;2;236;227;207m   [38;2;12;11;9m│[38;2;236;227;207m     [38;2;58;53;45m│[38;2;236;227;207m [38;2;126;117;100m  0.0[38;2;236;227;207m    [38;2;126;117;100m  0.0[38;2;236;227;207m    [38;2;134;224;166m +3.0[38;2;236;227;207m   [38;2;58;53;45m│[38;2;236;227;207m [0m
[38;2;236;227;207;48;2;28;26;23m        [38;2;59;54;46m│[38;2;236;227;207m   [38;2;12;11;9m│[38;2;236;227;207m   [38;2;59;54;46m│[38;2;236;227;207m   [38;2;12;11;9m│[38;2;236;227;207m   [38;2;59;54;46m│[38;2;236;227;207m   [38;2;12;11;9m│[38;2;236;227;207m   [38;2;59;54;46m│[38;2;236;227;207m   [38;2;12;11;9m│[38;2;236;227;207m   [38;2;59;54;46m│[38;2;236;227;207m   [38;2;12;11;9m│[38;2;236;227;207m   [38;2;59;54;46m│[38;2;236;227;207m   [38;2;12;11;9m│[38;2;236;227;207m   [38;2;59;54;46m│[38;2;236;227;207m   [38;2;12;11;9m│[38;2;236;227;207m   [38;2;59;54;46m│[38;2;236;227;207m   [38;2;12;11;9m│[38;2;236;227;207m   [38;2;59;54;46m│[38;2;236;227;207m   [38;2;12;11;9m│[38;2;236;227;207m   [38;2;59;54;46m│[38;2;236;227;207m   [38;2;12;11;9m│[38;2;236;227;207m     [38;2;58;53;45m│[38;2;236;227;207m                           [38;2;58;53;45m│[38;2;236;227;207m [0m
[38;2;236;227;207;48;2;28;26;23m      [38;2;216;209;194m▐███▌[38;2;236;227;207m [38;2;12;11;9m│[38;2;236;227;207m   [38;2;59;54;46m│[38;2;236;227;207m   [38;2;12;11;9m│[38;2;236;227;207m   [38;2;59;54;46m│[38;2;236;227;207m   [38;2;12;11;9m│[38;2;236;227;207m   [38;2;59;54;46m│[38;2;236;227;207m   [38;2;12;11;9m│[38;2;236;227;207m   [38;2;59;54;46m│[38;2;236;227;207m   [38;2;12;11;9m│[38;2;236;227;207m   [38;2;59;54;46m│[38;2;236;227;207m   [38;2;12;11;9m│[38;2;236;227;207m   [38;2;59;54;46m│[38;2;236;227;207m   [38;2;12;11;9m│[38;2;236;227;207m   [38;2;59;54;46m│[38;2;236;227;207m   [38;2;12;11;9m│[38;2;236;227;207m   [38;2;59;54;46m│[38;2;236;227;207m   [38;2;12;11;9m│[38;2;236;227;207m   [38;2;59;54;46m│[38;2;236;227;207m   [38;2;12;11;9m│[38;2;236;227;207m     [38;2;58;53;45m│[38;2;236;227;207m [1;38;2;244;236;216;48;2;46;42;36m ↑ [0;38;2;236;227;207;48;2;28;26;23m [38;2;185;156;255mCYM[38;2;236;227;207m  [1;38;2;244;236;216;48;2;46;42;36m ↑ [0;38;2;236;227;207;48;2;28;26;23m [38;2;245;144;214mAIR[38;2;236;227;207m          [38;2;58;53;45m│[38;2;236;227;207m [0m
[38;2;236;227;207;48;2;28;26;23m        [38;2;134;224;166m┃[38;2;236;227;207m   [38;2;12;11;9m│[38;2;236;227;207m [38;2;216;209;194m▐███▌[38;2;236;227;207m [38;2;12;11;9m│[38;2;236;227;207m [38;2;216;209;194m▐███▌[38;2;236;227;207m [38;2;12;11;9m│[38;2;236;227;207m [38;2;216;209;194m▐███▌[38;2;236;227;207m [38;2;12;11;9m│[38;2;236;227;207m   [38;2;59;54;46m│[38;2;236;227;207m   [38;2;12;11;9m│[38;2;236;227;207m   [38;2;59;54;46m│[38;2;236;227;207m   [38;2;12;11;9m│[38;2;236;227;207m   [38;2;59;54;46m│[38;2;236;227;207m   [38;2;12;11;9m│[38;2;236;227;207m   [38;2;59;54;46m│[38;2;236;227;207m   [38;2;12;11;9m│[38;2;236;227;207m [38;2;216;209;194m▐███▌[38;2;236;227;207m [38;2;12;11;9m│[38;2;236;227;207m [38;2;216;209;194m▐███▌[38;2;236;227;207m [38;2;12;11;9m│[38;2;236;227;207m     [38;2;58;53;45m│[38;2;236;227;207m [38;2;126;117;100m  0.0[38;2;236;227;207m    [38;2;126;117;100m  0.0[38;2;236;227;207m            [38;2;58;53;45m│[38;2;236;227;207m [0m
[38;2;236;227;207;48;2;28;26;23m      [38;2;126;117;100m╶─[38;2;134;224;166m┃[38;2;126;117;100m─╴[38;2;236;227;207m [38;2;12;11;9m│[38;2;236;227;207m [38;2;126;117;100m╶─[38;2;134;224;166m┃[38;2;126;117;100m─╴[38;2;236;227;207m [38;2;12;11;9m│[38;2;236;227;207m [38;2;126;117;100m╶─[38;2;134;224;166m┃[38;2;126;117;100m─╴[38;2;236;227;207m [38;2;12;11;9m│[38;2;236;227;207m [38;2;126;117;100m╶─[38;2;134;224;166m┃[38;2;126;117;100m─╴[38;2;236;227;207m [38;2;12;11;9m│[38;2;236;227;207m [38;2;216;209;194m▐███▌[38;2;236;227;207m [38;2;12;11;9m│[38;2;236;227;207m [38;2;126;117;100m╶─[38;2;245;140;195m┃[38;2;126;117;100m─╴[38;2;236;227;207m [38;2;12;11;9m│[38;2;236;227;207m [38;2;216;209;194m▐███▌[38;2;236;227;207m [38;2;12;11;9m│[38;2;236;227;207m [38;2;216;209;194m▐███▌[38;2;236;227;207m [38;2;12;11;9m│[38;2;236;227;207m [38;2;126;117;100m╶─[38;2;134;224;166m┃[38;2;126;117;100m─╴[38;2;236;227;207m [38;2;12;11;9m│[38;2;236;227;207m [38;2;126;117;100m╶─[38;2;134;224;166m┃[38;2;126;117;100m─╴[38;2;236;227;207m [38;2;12;11;9m│[38;2;236;227;207m     [38;2;58;53;45m│[38;2;236;227;207m                           [38;2;58;53;45m│[38;2;236;227;207m [0m
[38;2;236;227;207;48;2;28;26;23m        [38;2;59;54;46m│[38;2;236;227;207m   [38;2;12;11;9m│[38;2;236;227;207m   [38;2;59;54;46m│[38;2;236;227;207m   [38;2;12;11;9m│[38;2;236;227;207m   [38;2;59;54;46m│[38;2;236;227;207m   [38;2;12;11;9m│[38;2;236;227;207m   [38;2;59;54;46m│[38;2;236;227;207m   [38;2;12;11;9m│[38;2;236;227;207m   [38;2;59;54;46m│[38;2;236;227;207m   [38;2;12;11;9m│[38;2;236;227;207m [38;2;216;209;194m▐███▌[38;2;236;227;207m [38;2;12;11;9m│[38;2;236;227;207m   [38;2;59;54;46m│[38;2;236;227;207m   [38;2;12;11;9m│[38;2;236;227;207m   [38;2;59;54;46m│[38;2;236;227;207m   [38;2;12;11;9m│[38;2;236;227;207m   [38;2;59;54;46m│[38;2;236;227;207m   [38;2;12;11;9m│[38;2;236;227;207m   [38;2;59;54;46m│[38;2;236;227;207m   [38;2;12;11;9m│[38;2;236;227;207m     [38;2;58;53;45m│[38;2;236;227;207m [38;2;126;117;100mCOLOUR[38;2;236;227;207m [1;38;2;240;162;74mTAPE[0;38;2;236;227;207;48;2;28;26;23m  [38;2;240;162;74m▆▆▆[38;2;58;35;32m▆▆▆▆▆▆▆[38;2;236;227;207m   [38;2;58;53;45m│[38;2;236;227;207m [0m
[38;2;236;227;207;48;2;28;26;23m        [38;2;59;54;46m│[38;2;236;227;207m   [38;2;12;11;9m│[38;2;236;227;207m   [38;2;59;54;46m│[38;2;236;227;207m   [38;2;12;11;9m│[38;2;236;227;207m   [38;2;59;54;46m│[38;2;236;227;207m   [38;2;12;11;9m│[38;2;236;227;207m   [38;2;59;54;46m│[38;2;236;227;207m   [38;2;12;11;9m│[38;2;236;227;207m   [38;2;59;54;46m│[38;2;236;227;207m   [38;2;12;11;9m│[38;2;236;227;207m   [38;2;59;54;46m│[38;2;236;227;207m   [38;2;12;11;9m│[38;2;236;227;207m   [38;2;59;54;46m│[38;2;236;227;207m   [38;2;12;11;9m│[38;2;236;227;207m   [38;2;59;54;46m│[38;2;236;227;207m   [38;2;12;11;9m│[38;2;236;227;207m   [38;2;59;54;46m│[38;2;236;227;207m   [38;2;12;11;9m│[38;2;236;227;207m   [38;2;59;54;46m│[38;2;236;227;207m   [38;2;12;11;9m│[38;2;236;227;207m     [38;2;58;53;45m│[38;2;236;227;207m                           [38;2;58;53;45m│[38;2;236;227;207m [0m
[38;2;236;227;207;48;2;28;26;23m        [38;2;59;54;46m│[38;2;236;227;207m   [38;2;12;11;9m│[38;2;236;227;207m   [38;2;59;54;46m│[38;2;236;227;207m   [38;2;12;11;9m│[38;2;236;227;207m   [38;2;59;54;46m│[38;2;236;227;207m   [38;2;12;11;9m│[38;2;236;227;207m   [38;2;59;54;46m│[38;2;236;227;207m   [38;2;12;11;9m│[38;2;236;227;207m   [38;2;59;54;46m│[38;2;236;227;207m   [38;2;12;11;9m│[38;2;236;227;207m   [38;2;59;54;46m│[38;2;236;227;207m   [38;2;12;11;9m│[38;2;236;227;207m   [38;2;59;54;46m│[38;2;236;227;207m   [38;2;12;11;9m│[38;2;236;227;207m   [38;2;59;54;46m│[38;2;236;227;207m   [38;2;12;11;9m│[38;2;236;227;207m   [38;2;59;54;46m│[38;2;236;227;207m   [38;2;12;11;9m│[38;2;236;227;207m   [38;2;59;54;46m│[38;2;236;227;207m   [38;2;12;11;9m│[38;2;236;227;207m     [38;2;58;53;45m│[38;2;236;227;207m                           [38;2;58;53;45m│[38;2;236;227;207m [0m
[38;2;236;227;207;48;2;28;26;23m        [38;2;59;54;46m│[38;2;236;227;207m   [38;2;12;11;9m│[38;2;236;227;207m   [38;2;59;54;46m│[38;2;236;227;207m   [38;2;12;11;9m│[38;2;236;227;207m   [38;2;59;54;46m│[38;2;236;227;207m   [38;2;12;11;9m│[38;2;236;227;207m   [38;2;59;54;46m│[38;2;236;227;207m   [38;2;12;11;9m│[38;2;236;227;207m   [38;2;59;54;46m│[38;2;236;227;207m   [38;2;12;11;9m│[38;2;236;227;207m   [38;2;59;54;46m│[38;2;236;227;207m   [38;2;12;11;9m│[38;2;236;227;207m   [38;2;59;54;46m│[38;2;236;227;207m   [38;2;12;11;9m│[38;2;236;227;207m   [38;2;59;54;46m│[38;2;236;227;207m   [38;2;12;11;9m│[38;2;236;227;207m   [38;2;59;54;46m│[38;2;236;227;207m   [38;2;12;11;9m│[38;2;236;227;207m   [38;2;59;54;46m│[38;2;236;227;207m   [38;2;12;11;9m│[38;2;236;227;207m     [38;2;58;53;45m│[38;2;236;227;207m                           [38;2;58;53;45m│[38;2;236;227;207m [0m
[38;2;236;227;207;48;2;28;26;23m      [1;38;2;134;224;166m+4.8[0;38;2;236;227;207;48;2;28;26;23m  [38;2;12;11;9m│[38;2;236;227;207m [1;38;2;134;224;166m+4.0[0;38;2;236;227;207;48;2;28;26;23m  [38;2;12;11;9m│[38;2;236;227;207m [1;38;2;134;224;166m+4.2[0;38;2;236;227;207;48;2;28;26;23m  [38;2;12;11;9m│[38;2;236;227;207m [1;38;2;134;224;166m+2.3[0;38;2;236;227;207;48;2;28;26;23m  [38;2;12;11;9m│[38;2;236;227;207m  [1;38;2;126;117;100m0.0[0;38;2;236;227;207;48;2;28;26;23m  [38;2;12;11;9m│[38;2;236;227;207m [1;38;2;245;140;195m-3.1[0;38;2;236;227;207;48;2;28;26;23m  [38;2;12;11;9m│[38;2;236;227;207m  [1;38;2;126;117;100m0.0[0;38;2;236;227;207;48;2;28;26;23m  [38;2;12;11;9m│[38;2;236;227;207m  [1;38;2;126;117;100m0.0[0;38;2;236;227;207;48;2;28;26;23m  [38;2;12;11;9m│[38;2;236;227;207m [1;38;2;134;224;166m+3.1[0;38;2;236;227;207;48;2;28;26;23m  [38;2;12;11;9m│[38;2;236;227;207m [1;38;2;134;224;166m+2.4[0;38;2;236;227;207;48;2;28;26;23m  [38;2;12;11;9m│[38;2;236;227;207m     [38;2;58;53;45m│[38;2;236;227;207m                           [38;2;58;53;45m│[38;2;236;227;207m [0m
[38;2;236;227;207;48;2;28;26;23m                                                                                          [38;2;58;53;45m╰───────────────────────────╯[38;2;236;227;207m [0m
[38;2;236;227;207;48;2;28;26;23m                                                                                                                        [0m
[1;38;2;244;236;216;48;2;52;48;42m 1…0 [0;38;2;126;117;100;48;2;28;26;23m band  [1;38;2;244;236;216;48;2;52;48;42m ⇧ [0;38;2;126;117;100;48;2;28;26;23m down  [1;38;2;244;236;216;48;2;52;48;42m z [0;38;2;126;117;100;48;2;28;26;23m zones  [1;38;2;244;236;216;48;2;52;48;42m i [0;38;2;126;117;100;48;2;28;26;23m instruments  [1;38;2;244;236;216;48;2;52;48;42m [ ] [0;38;2;126;117;100;48;2;28;26;23m focus  [1;38;2;244;236;216;48;2;52;48;42m +− [0;38;2;126;117;100;48;2;28;26;23m preamp  [1;38;2;244;236;216;48;2;52;48;42m p [0;38;2;126;117;100;48;2;28;26;23m preset  [1;38;2;244;236;216;48;2;52;48;42m u [0;38;2;126;117;100;48;2;28;26;23m undo  [1;38;2;244;236;216;48;2;52;48;42m ? [0;38;2;126;117;100;48;2;28;26;23m keys  [1;38;2;244;236;216;48;2;52;48;42m q [0;38;2;126;117;100;48;2;28;26;23m quit  [38;2;236;227;207m  [0m
