[38;2;236;227;207;48;2;35;32;28m [38;2;126;117;100mDEVICE [1;38;2;244;236;216mBE-RCA[0;38;2;236;227;207;48;2;35;32;28m   [38;2;126;117;100mRATE [1;38;2;236;227;207m44.1k[0;38;2;236;227;207;48;2;35;32;28m   [38;2;126;117;100mPRESET [1;38;2;244;236;216mfavourite*[0;38;2;236;227;207;48;2;35;32;28m      [38;2;58;35;32m●[38;2;236;227;207m [38;2;126;117;100mSOLO[38;2;236;227;207m  [38;2;58;35;32m●[38;2;236;227;207m [38;2;126;117;100mBYPASS[38;2;236;227;207m  [38;2;58;35;32m●[38;2;236;227;207m [38;2;126;117;100mLIMIT[38;2;236;227;207m  [0m
[38;2;236;227;207;48;2;28;26;23m [1;38;2;22;20;15;48;2;240;162;74m METER [0;38;2;236;227;207;48;2;28;26;23m [38;2;185;174;151;48;2;46;42;36m TUNE [38;2;236;227;207;48;2;28;26;23m [38;2;185;174;151;48;2;46;42;36m INSTRUMENTS [38;2;236;227;207;48;2;28;26;23m [38;2;185;174;151;48;2;46;42;36m FILTERS [38;2;236;227;207;48;2;28;26;23m [38;2;185;174;151;48;2;46;42;36m PRESETS [38;2;236;227;207;48;2;28;26;23m [38;2;185;174;151;48;2;46;42;36m DEVICES [38;2;236;227;207;48;2;28;26;23m                     [0m
[38;2;236;227;207;48;2;28;26;23m     [1;38;2;42;37;28;48;2;230;218;189m  32  [0;38;2;12;11;9;48;2;28;26;23m│[1;38;2;42;37;28;48;2;230;218;189m  64  [0;38;2;12;11;9;48;2;28;26;23m│[1;38;2;42;37;28;48;2;230;218;189m 125  [0;38;2;12;11;9;48;2;28;26;23m│[1;38;2;42;37;28;48;2;230;218;189m 250  [0;38;2;12;11;9;48;2;28;26;23m│[1;38;2;42;37;28;48;2;230;218;189m 500  [0;38;2;12;11;9;48;2;28;26;23m│[1;38;2;42;37;28;48;2;230;218;189m  1k  [0;38;2;12;11;9;48;2;28;26;23m│[1;38;2;42;37;28;48;2;230;218;189m  2k  [0;38;2;12;11;9;48;2;28;26;23m│[1;38;2;42;37;28;48;2;230;218;189m  4k  [0;38;2;12;11;9;48;2;28;26;23m│[1;38;2;42;37;28;48;2;230;218;189m  8k  [0;38;2;12;11;9;48;2;28;26;23m│[1;38;2;42;37;28;48;2;230;218;189m 16k  [0;38;2;12;11;9;48;2;28;26;23m│[38;2;236;227;207m     [0m
[38;2;236;227;207;48;2;28;26;23m [38;2;126;117;100m  0[38;2;236;227;207m  [38;2;255;75;62m▆▆▆[38;2;236;227;207m  [38;2;12;11;9m│[38;2;236;227;207m [38;2;255;75;62m▆▆▆[38;2;236;227;207m  [38;2;12;11;9m│[38;2;236;227;207m [38;2;58;21;18m▆▆▆[38;2;236;227;207m  [38;2;12;11;9m│[38;2;236;227;207m [38;2;58;21;18m▆▆▆[38;2;236;227;207m  [38;2;12;11;9m│[38;2;236;227;207m [38;2;58;21;18m▆▆▆[38;2;236;227;207m  [38;2;12;11;9m│[38;2;236;227;207m [38;2;58;21;18m▆▆▆[38;2;236;227;207m  [38;2;12;11;9m│[38;2;236;227;207m [38;2;58;21;18m▆▆▆[38;2;236;227;207m  [38;2;12;11;9m│[38;2;236;227;207m [38;2;58;21;18m▆▆▆[38;2;236;227;207m  [38;2;12;11;9m│[38;2;236;227;207m [38;2;58;21;18m▆▆▆[38;2;236;227;207m  [38;2;12;11;9m│[38;2;236;227;207m [38;2;58;21;18m▆▆▆[38;2;236;227;207m  [38;2;12;11;9m│[38;2;236;227;207m     [0m
[38;2;236;227;207;48;2;28;26;23m [38;2;126;117;100m -6[38;2;236;227;207m  [38;2;53;47;16m▆▆▆[38;2;236;227;207m  [38;2;12;11;9m│[38;2;236;227;207m [38;2;245;213;71m▆▆▆[38;2;236;227;207m  [38;2;12;11;9m│[38;2;236;227;207m [38;2;245;213;71m▆▆▆[38;2;236;227;207m  [38;2;12;11;9m│[38;2;236;227;207m [38;2;53;47;16m▆▆▆[38;2;236;227;207m  [38;2;12;11;9m│[38;2;236;227;207m [38;2;53;47;16m▆▆▆[38;2;236;227;207m  [38;2;12;11;9m│[38;2;236;227;207m [38;2;53;47;16m▆▆▆[38;2;236;227;207m  [38;2;12;11;9m│[38;2;236;227;207m [38;2;53;47;16m▆▆▆[38;2;236;227;207m  [38;2;12;11;9m│[38;2;236;227;207m [38;2;53;47;16m▆▆▆[38;2;236;227;207m  [38;2;12;11;9m│[38;2;236;227;207m [38;2;53;47;16m▆▆▆[38;2;236;227;207m  [38;2;12;11;9m│[38;2;236;227;207m [38;2;53;47;16m▆▆▆[38;2;236;227;207m  [38;2;12;11;9m│[38;2;236;227;207m     [0m
[38;2;236;227;207;48;2;28;26;23m      [38;2;245;213;71m▆▆▆[38;2;236;227;207m  [38;2;12;11;9m│[38;2;236;227;207m [38;2;245;213;71m▆▆▆[38;2;236;227;207m  [38;2;12;11;9m│[38;2;236;227;207m [38;2;245;213;71m▆▆▆[38;2;236;227;207m  [38;2;12;11;9m│[38;2;236;227;207m [38;2;245;213;71m▆▆▆[38;2;236;227;207m  [38;2;12;11;9m│[38;2;236;227;207m [38;2;245;213;71m▆▆▆[38;2;236;227;207m  [38;2;12;11;9m│[38;2;236;227;207m [38;2;245;213;71m▆▆▆[38;2;236;227;207m  [38;2;12;11;9m│[38;2;236;227;207m [38;2;53;47;16m▆▆▆[38;2;236;227;207m  [38;2;12;11;9m│[38;2;236;227;207m [38;2;53;47;16m▆▆▆[38;2;236;227;207m  [38;2;12;11;9m│[38;2;236;227;207m [38;2;53;47;16m▆▆▆[38;2;236;227;207m  [38;2;12;11;9m│[38;2;236;227;207m [38;2;53;47;16m▆▆▆[38;2;236;227;207m  [38;2;12;11;9m│[38;2;236;227;207m     [0m
[38;2;236;227;207;48;2;28;26;23m [38;2;126;117;100m-18[38;2;236;227;207m  [38;2;61;220;116m▆▆▆[38;2;236;227;207m  [38;2;12;11;9m│[38;2;236;227;207m [38;2;61;220;116m▆▆▆[38;2;236;227;207m  [38;2;12;11;9m│[38;2;236;227;207m [38;2;61;220;116m▆▆▆[38;2;236;227;207m  [38;2;12;11;9m│[38;2;236;227;207m [38;2;61;220;116m▆▆▆[38;2;236;227;207m  [38;2;12;11;9m│[38;2;236;227;207m [38;2;61;220;116m▆▆▆[38;2;236;227;207m  [38;2;12;11;9m│[38;2;236;227;207m [38;2;61;220;116m▆▆▆[38;2;236;227;207m  [38;2;12;11;9m│[38;2;236;227;207m [38;2;61;220;116m▆▆▆[38;2;236;227;207m  [38;2;12;11;9m│[38;2;236;227;207m [38;2;61;220;116m▆▆▆[38;2;236;227;207m  [38;2;12;11;9m│[38;2;236;227;207m [38;2;18;48;29m▆▆▆[38;2;236;227;207m  [38;2;12;11;9m│[38;2;236;227;207m [38;2;18;48;29m▆▆▆[38;2;236;227;207m  [38;2;12;11;9m│[38;2;236;227;207m     [0m
[38;2;236;227;207;48;2;28;26;23m      [38;2;61;220;116m▆▆▆[38;2;236;227;207m  [38;2;12;11;9m│[38;2;236;227;207m [38;2;61;220;116m▆▆▆[38;2;236;227;207m  [38;2;12;11;9m│[38;2;236;227;207m [38;2;61;220;116m▆▆▆[38;2;236;227;207m  [38;2;12;11;9m│[38;2;236;227;207m [38;2;61;220;116m▆▆▆[38;2;236;227;207m  [38;2;12;11;9m│[38;2;236;227;207m [38;2;61;220;116m▆▆▆[38;2;236;227;207m  [38;2;12;11;9m│[38;2;236;227;207m [38;2;61;220;116m▆▆▆[38;2;236;227;207m  [38;2;12;11;9m│[38;2;236;227;207m [38;2;61;220;116m▆▆▆[38;2;236;227;207m  [38;2;12;11;9m│[38;2;236;227;207m [38;2;18;48;29m▆▆▆[38;2;236;227;207m  [38;2;12;11;9m│[38;2;236;227;207m [38;2;61;220;116m▆▆▆[38;2;236;227;207m  [38;2;12;11;9m│[38;2;236;227;207m [38;2;18;48;29m▆▆▆[38;2;236;227;207m  [38;2;12;11;9m│[38;2;236;227;207m     [0m
[38;2;236;227;207;48;2;28;26;23m [38;2;126;117;100m-30[38;2;236;227;207m  [38;2;61;220;116m▆▆▆[38;2;236;227;207m  [38;2;12;11;9m│[38;2;236;227;207m [38;2;61;220;116m▆▆▆[38;2;236;227;207m  [38;2;12;11;9m│[38;2;236;227;207m [38;2;61;220;116m▆▆▆[38;2;236;227;207m  [38;2;12;11;9m│[38;2;236;227;207m [38;2;61;220;116m▆▆▆[38;2;236;227;207m  [38;2;12;11;9m│[38;2;236;227;207m [38;2;61;220;116m▆▆▆[38;2;236;227;207m  [38;2;12;11;9m│[38;2;236;227;207m [38;2;61;220;116m▆▆▆[38;2;236;227;207m  [38;2;12;11;9m│[38;2;236;227;207m [38;2;61;220;116m▆▆▆[38;2;236;227;207m  [38;2;12;11;9m│[38;2;236;227;207m [38;2;61;220;116m▆▆▆[38;2;236;227;207m  [38;2;12;11;9m│[38;2;236;227;207m [38;2;61;220;116m▆▆▆[38;2;236;227;207m  [38;2;12;11;9m│[38;2;236;227;207m [38;2;61;220;116m▆▆▆[38;2;236;227;207m  [38;2;12;11;9m│[38;2;236;227;207m     [0m
[38;2;236;227;207;48;2;28;26;23m      [38;2;61;220;116m▆▆▆[38;2;236;227;207m  [38;2;12;11;9m│[38;2;236;227;207m [38;2;61;220;116m▆▆▆[38;2;236;227;207m  [38;2;12;11;9m│[38;2;236;227;207m [38;2;61;220;116m▆▆▆[38;2;236;227;207m  [38;2;12;11;9m│[38;2;236;227;207m [38;2;61;220;116m▆▆▆[38;2;236;227;207m  [38;2;12;11;9m│[38;2;236;227;207m [38;2;61;220;116m▆▆▆[38;2;236;227;207m  [38;2;12;11;9m│[38;2;236;227;207m [38;2;61;220;116m▆▆▆[38;2;236;227;207m  [38;2;12;11;9m│[38;2;236;227;207m [38;2;61;220;116m▆▆▆[38;2;236;227;207m  [38;2;12;11;9m│[38;2;236;227;207m [38;2;61;220;116m▆▆▆[38;2;236;227;207m  [38;2;12;11;9m│[38;2;236;227;207m [38;2;61;220;116m▆▆▆[38;2;236;227;207m  [38;2;12;11;9m│[38;2;236;227;207m [38;2;18;48;29m▆▆▆[38;2;236;227;207m  [38;2;12;11;9m│[38;2;236;227;207m     [0m
[38;2;236;227;207;48;2;28;26;23m [38;2;126;117;100m-42[38;2;236;227;207m  [38;2;61;220;116m▆▆▆[38;2;236;227;207m  [38;2;12;11;9m│[38;2;236;227;207m [38;2;61;220;116m▆▆▆[38;2;236;227;207m  [38;2;12;11;9m│[38;2;236;227;207m [38;2;61;220;116m▆▆▆[38;2;236;227;207m  [38;2;12;11;9m│[38;2;236;227;207m [38;2;61;220;116m▆▆▆[38;2;236;227;207m  [38;2;12;11;9m│[38;2;236;227;207m [38;2;61;220;116m▆▆▆[38;2;236;227;207m  [38;2;12;11;9m│[38;2;236;227;207m [38;2;61;220;116m▆▆▆[38;2;236;227;207m  [38;2;12;11;9m│[38;2;236;227;207m [38;2;61;220;116m▆▆▆[38;2;236;227;207m  [38;2;12;11;9m│[38;2;236;227;207m [38;2;61;220;116m▆▆▆[38;2;236;227;207m  [38;2;12;11;9m│[38;2;236;227;207m [38;2;61;220;116m▆▆▆[38;2;236;227;207m  [38;2;12;11;9m│[38;2;236;227;207m [38;2;61;220;116m▆▆▆[38;2;236;227;207m  [38;2;12;11;9m│[38;2;236;227;207m     [0m
[38;2;236;227;207;48;2;28;26;23m      [38;2;61;220;116m▆▆▆[38;2;236;227;207m  [38;2;12;11;9m│[38;2;236;227;207m [38;2;61;220;116m▆▆▆[38;2;236;227;207m  [38;2;12;11;9m│[38;2;236;227;207m [38;2;61;220;116m▆▆▆[38;2;236;227;207m  [38;2;12;11;9m│[38;2;236;227;207m [38;2;61;220;116m▆▆▆[38;2;236;227;207m  [38;2;12;11;9m│[38;2;236;227;207m [38;2;61;220;116m▆▆▆[38;2;236;227;207m  [38;2;12;11;9m│[38;2;236;227;207m [38;2;61;220;116m▆▆▆[38;2;236;227;207m  [38;2;12;11;9m│[38;2;236;227;207m [38;2;61;220;116m▆▆▆[38;2;236;227;207m  [38;2;12;11;9m│[38;2;236;227;207m [38;2;61;220;116m▆▆▆[38;2;236;227;207m  [38;2;12;11;9m│[38;2;236;227;207m [38;2;61;220;116m▆▆▆[38;2;236;227;207m  [38;2;12;11;9m│[38;2;236;227;207m [38;2;61;220;116m▆▆▆[38;2;236;227;207m  [38;2;12;11;9m│[38;2;236;227;207m     [0m
[38;2;236;227;207;48;2;28;26;23m      [38;2;61;220;116m▆▆▆[38;2;236;227;207m  [38;2;12;11;9m│[38;2;236;227;207m [38;2;61;220;116m▆▆▆[38;2;236;227;207m  [38;2;12;11;9m│[38;2;236;227;207m [38;2;61;220;116m▆▆▆[38;2;236;227;207m  [38;2;12;11;9m│[38;2;236;227;207m [38;2;61;220;116m▆▆▆[38;2;236;227;207m  [38;2;12;11;9m│[38;2;236;227;207m [38;2;61;220;116m▆▆▆[38;2;236;227;207m  [38;2;12;11;9m│[38;2;236;227;207m [38;2;61;220;116m▆▆▆[38;2;236;227;207m  [38;2;12;11;9m│[38;2;236;227;207m [38;2;61;220;116m▆▆▆[38;2;236;227;207m  [38;2;12;11;9m│[38;2;236;227;207m [38;2;61;220;116m▆▆▆[38;2;236;227;207m  [38;2;12;11;9m│[38;2;236;227;207m [38;2;61;220;116m▆▆▆[38;2;236;227;207m  [38;2;12;11;9m│[38;2;236;227;207m [38;2;61;220;116m▆▆▆[38;2;236;227;207m  [38;2;12;11;9m│[38;2;236;227;207m     [0m
[38;2;236;227;207;48;2;28;26;23m [38;2;126;117;100m-60[38;2;236;227;207m  [38;2;61;220;116m▆▆▆[38;2;236;227;207m  [38;2;12;11;9m│[38;2;236;227;207m [38;2;61;220;116m▆▆▆[38;2;236;227;207m  [38;2;12;11;9m│[38;2;236;227;207m [38;2;61;220;116m▆▆▆[38;2;236;227;207m  [38;2;12;11;9m│[38;2;236;227;207m [38;2;61;220;116m▆▆▆[38;2;236;227;207m  [38;2;12;11;9m│[38;2;236;227;207m [38;2;61;220;116m▆▆▆[38;2;236;227;207m  [38;2;12;11;9m│[38;2;236;227;207m [38;2;61;220;116m▆▆▆[38;2;236;227;207m  [38;2;12;11;9m│[38;2;236;227;207m [38;2;61;220;116m▆▆▆[38;2;236;227;207m  [38;2;12;11;9m│[38;2;236;227;207m [38;2;61;220;116m▆▆▆[38;2;236;227;207m  [38;2;12;11;9m│[38;2;236;227;207m [38;2;61;220;116m▆▆▆[38;2;236;227;207m  [38;2;12;11;9m│[38;2;236;227;207m [38;2;61;220;116m▆▆▆[38;2;236;227;207m  [38;2;12;11;9m│[38;2;236;227;207m     [0m
[38;2;236;227;207;48;2;28;26;23m     [38;2;255;181;71;48;2;11;10;7m -9.0[38;2;236;227;207;48;2;28;26;23m [38;2;12;11;9m│[38;2;255;181;71;48;2;11;10;7m -7.5[38;2;236;227;207;48;2;28;26;23m [38;2;12;11;9m│[38;2;255;181;71;48;2;11;10;7m-11.0[38;2;236;227;207;48;2;28;26;23m [38;2;12;11;9m│[38;2;255;181;71;48;2;11;10;7m-15.0[38;2;236;227;207;48;2;28;26;23m [38;2;12;11;9m│[38;2;255;181;71;48;2;11;10;7m-19.0[38;2;236;227;207;48;2;28;26;23m [38;2;12;11;9m│[38;2;255;181;71;48;2;11;10;7m-17.0[38;2;236;227;207;48;2;28;26;23m [38;2;12;11;9m│[38;2;255;181;71;48;2;11;10;7m-22.0[38;2;236;227;207;48;2;28;26;23m [38;2;12;11;9m│[38;2;255;181;71;48;2;11;10;7m-26.0[38;2;236;227;207;48;2;28;26;23m [38;2;12;11;9m│[38;2;255;181;71;48;2;11;10;7m-29.0[38;2;236;227;207;48;2;28;26;23m [38;2;12;11;9m│[38;2;255;181;71;48;2;11;10;7m-37.0[38;2;236;227;207;48;2;28;26;23m [38;2;12;11;9m│[38;2;236;227;207m     [0m
[38;2;236;227;207;48;2;28;26;23m        [38;2;59;54;46m│[38;2;236;227;207m  [38;2;12;11;9m│[38;2;236;227;207m   [38;2;59;54;46m│[38;2;236;227;207m  [38;2;12;11;9m│[38;2;236;227;207m   [38;2;59;54;46m│[38;2;236;227;207m  [38;2;12;11;9m│[38;2;236;227;207m   [38;2;59;54;46m│[38;2;236;227;207m  [38;2;12;11;9m│[38;2;236;227;207m   [38;2;59;54;46m│[38;2;236;227;207m  [38;2;12;11;9m│[38;2;236;227;207m   [38;2;59;54;46m│[38;2;236;227;207m  [38;2;12;11;9m│[38;2;236;227;207m   [38;2;59;54;46m│[38;2;236;227;207m  [38;2;12;11;9m│[38;2;236;227;207m   [38;2;59;54;46m│[38;2;236;227;207m  [38;2;12;11;9m│[38;2;236;227;207m   [38;2;59;54;46m│[38;2;236;227;207m  [38;2;12;11;9m│[38;2;236;227;207m   [38;2;59;54;46m│[38;2;236;227;207m  [38;2;12;11;9m│[38;2;236;227;207m     [0m
[38;2;236;227;207;48;2;28;26;23m      [38;2;216;209;194m▐███▌[38;2;12;11;9m│[38;2;236;227;207m [38;2;216;209;194m▐███▌[38;2;12;11;9m│[38;2;236;227;207m [38;2;216;209;194m▐███▌[38;2;12;11;9m│[38;2;236;227;207m   [38;2;59;54;46m│[38;2;236;227;207m  [38;2;12;11;9m│[38;2;236;227;207m   [38;2;59;54;46m│[38;2;236;227;207m  [38;2;12;11;9m│[38;2;236;227;207m   [38;2;59;54;46m│[38;2;236;227;207m  [38;2;12;11;9m│[38;2;236;227;207m   [38;2;59;54;46m│[38;2;236;227;207m  [38;2;12;11;9m│[38;2;236;227;207m   [38;2;59;54;46m│[38;2;236;227;207m  [38;2;12;11;9m│[38;2;236;227;207m [38;2;216;209;194m▐███▌[38;2;12;11;9m│[38;2;236;227;207m   [38;2;59;54;46m│[38;2;236;227;207m  [38;2;12;11;9m│[38;2;236;227;207m     [0m
[38;2;236;227;207;48;2;28;26;23m      [38;2;126;117;100m╶─[38;2;134;224;166m┃[38;2;126;117;100m─╴[38;2;12;11;9m│[38;2;236;227;207m [38;2;126;117;100m╶─[38;2;134;224;166m┃[38;2;126;117;100m─╴[38;2;12;11;9m│[38;2;236;227;207m [38;2;126;117;100m╶─[38;2;134;224;166m┃[38;2;126;117;100m─╴[38;2;12;11;9m│[38;2;236;227;207m [38;2;216;209;194m▐███▌[38;2;12;11;9m│[38;2;236;227;207m [38;2;216;209;194m▐███▌[38;2;12;11;9m│[38;2;236;227;207m [38;2;126;117;100m╶─[38;2;245;140;195m┃[38;2;126;117;100m─╴[38;2;12;11;9m│[38;2;236;227;207m [38;2;216;209;194m▐███▌[38;2;12;11;9m│[38;2;236;227;207m [38;2;216;209;194m▐███▌[38;2;12;11;9m│[38;2;236;227;207m [38;2;126;117;100m╶─[38;2;134;224;166m┃[38;2;126;117;100m─╴[38;2;12;11;9m│[38;2;236;227;207m [38;2;216;209;194m▐███▌[38;2;12;11;9m│[38;2;236;227;207m     [0m
[38;2;236;227;207;48;2;28;26;23m        [38;2;59;54;46m│[38;2;236;227;207m  [38;2;12;11;9m│[38;2;236;227;207m   [38;2;59;54;46m│[38;2;236;227;207m  [38;2;12;11;9m│[38;2;236;227;207m   [38;2;59;54;46m│[38;2;236;227;207m  [38;2;12;11;9m│[38;2;236;227;207m   [38;2;59;54;46m│[38;2;236;227;207m  [38;2;12;11;9m│[38;2;236;227;207m   [38;2;59;54;46m│[38;2;236;227;207m  [38;2;12;11;9m│[38;2;236;227;207m [38;2;216;209;194m▐███▌[38;2;12;11;9m│[38;2;236;227;207m   [38;2;59;54;46m│[38;2;236;227;207m  [38;2;12;11;9m│[38;2;236;227;207m   [38;2;59;54;46m│[38;2;236;227;207m  [38;2;12;11;9m│[38;2;236;227;207m   [38;2;59;54;46m│[38;2;236;227;207m  [38;2;12;11;9m│[38;2;236;227;207m   [38;2;59;54;46m│[38;2;236;227;207m  [38;2;12;11;9m│[38;2;236;227;207m     [0m
[38;2;236;227;207;48;2;28;26;23m        [38;2;59;54;46m│[38;2;236;227;207m  [38;2;12;11;9m│[38;2;236;227;207m   [38;2;59;54;46m│[38;2;236;227;207m  [38;2;12;11;9m│[38;2;236;227;207m   [38;2;59;54;46m│[38;2;236;227;207m  [38;2;12;11;9m│[38;2;236;227;207m   [38;2;59;54;46m│[38;2;236;227;207m  [38;2;12;11;9m│[38;2;236;227;207m   [38;2;59;54;46m│[38;2;236;227;207m  [38;2;12;11;9m│[38;2;236;227;207m   [38;2;59;54;46m│[38;2;236;227;207m  [38;2;12;11;9m│[38;2;236;227;207m   [38;2;59;54;46m│[38;2;236;227;207m  [38;2;12;11;9m│[38;2;236;227;207m   [38;2;59;54;46m│[38;2;236;227;207m  [38;2;12;11;9m│[38;2;236;227;207m   [38;2;59;54;46m│[38;2;236;227;207m  [38;2;12;11;9m│[38;2;236;227;207m   [38;2;59;54;46m│[38;2;236;227;207m  [38;2;12;11;9m│[38;2;236;227;207m     [0m
[38;2;236;227;207;48;2;28;26;23m      [1;38;2;134;224;166m+4.8[0;38;2;236;227;207;48;2;28;26;23m [38;2;12;11;9m│[38;2;236;227;207m [1;38;2;134;224;166m+4.0[0;38;2;236;227;207;48;2;28;26;23m [38;2;12;11;9m│[38;2;236;227;207m [1;38;2;134;224;166m+4.2[0;38;2;236;227;207;48;2;28;26;23m [38;2;12;11;9m│[38;2;236;227;207m [1;38;2;134;224;166m+2.3[0;38;2;236;227;207;48;2;28;26;23m [38;2;12;11;9m│[38;2;236;227;207m  [1;38;2;126;117;100m0.0[0;38;2;236;227;207;48;2;28;26;23m [38;2;12;11;9m│[38;2;236;227;207m [1;38;2;245;140;195m-3.1[0;38;2;236;227;207;48;2;28;26;23m [38;2;12;11;9m│[38;2;236;227;207m  [1;38;2;126;117;100m0.0[0;38;2;236;227;207;48;2;28;26;23m [38;2;12;11;9m│[38;2;236;227;207m  [1;38;2;126;117;100m0.0[0;38;2;236;227;207;48;2;28;26;23m [38;2;12;11;9m│[38;2;236;227;207m [1;38;2;134;224;166m+3.1[0;38;2;236;227;207;48;2;28;26;23m [38;2;12;11;9m│[38;2;236;227;207m [1;38;2;134;224;166m+2.4[0;38;2;236;227;207;48;2;28;26;23m [38;2;12;11;9m│[38;2;236;227;207m     [0m
[38;2;236;227;207;48;2;28;26;23m                                                                                [0m
[38;2;236;227;207;48;2;28;26;23m                                                                                [0m
[1;38;2;244;236;216;48;2;52;48;42m 1…0 [0;38;2;126;117;100;48;2;28;26;23m band  [1;38;2;244;236;216;48;2;52;48;42m ⇧ [0;38;2;126;117;100;48;2;28;26;23m down  [1;38;2;244;236;216;48;2;52;48;42m z [0;38;2;126;117;100;48;2;28;26;23m zones  [1;38;2;244;236;216;48;2;52;48;42m i [0;38;2;126;117;100;48;2;28;26;23m instruments  [1;38;2;244;236;216;48;2;52;48;42m ? [0;38;2;126;117;100;48;2;28;26;23m keys  [1;38;2;244;236;216;48;2;52;48;42m q [0;38;2;126;117;100;48;2;28;26;23m quit  [38;2;236;227;207m          [0m
