[38;2;138;168;255;48;2;57;66;90m ◉ [1;38;2;238;241;246mBE-RCA [0;38;2;162;171;188;48;2;27;30;37m 44.1 kHz[38;2;74;83;104m │ [38;2;124;133;154mpreamp [38;2;242;127;188m-4.8[38;2;124;133;154m dB[38;2;74;83;104m │ [38;2;138;168;255m◆ [1;38;2;221;226;234mfavourite[38;2;242;193;78m*[0;38;2;74;83;104;48;2;27;30;37m │ [38;2;108;182;255m● [38;2;221;226;234mvoice [38;2;99;217;158m+3.0[38;2;74;83;104m │ [38;2;124;133;154mbass [38;2;99;217;158m+1[38;2;124;133;154m treble [38;2;242;127;188m-0.5[38;2;221;226;234m                  [38;2;124;133;154m peak [38;2;242;163;58m-6.0[38;2;124;133;154m dB [0m
[38;2;221;226;234m  [4;38;2;138;168;255mM[0;38;2;124;133;154meter [38;2;221;226;234m [1;38;2;16;19;26;48;2;138;168;255m Tune [0;38;2;221;226;234m  [4;38;2;138;168;255mI[0;38;2;124;133;154mnstruments [38;2;221;226;234m  [4;38;2;138;168;255mF[0;38;2;124;133;154milters [38;2;221;226;234m  [4;38;2;138;168;255mP[0;38;2;124;133;154mresets [38;2;221;226;234m  [4;38;2;138;168;255mD[0;38;2;124;133;154mevices [38;2;221;226;234m  [4;38;2;138;168;255mA[0;38;2;124;133;154mpps [38;2;221;226;234m  [4;38;2;138;168;255mS[0;38;2;124;133;154mystem [38;2;221;226;234m  [4;38;2;138;168;255mE[0;38;2;124;133;154mvents [38;2;221;226;234m  [4;38;2;138;168;255mH[0;38;2;124;133;154mistory [38;2;221;226;234m              [1;38;2;138;168;255mg[0;38;2;124;133;154m go  [1;38;2;138;168;255m;[0;38;2;124;133;154m cmd[0m
[38;2;221;226;234m [38;2;74;83;104m╭─[1;38;2;162;171;188m response [0;38;2;74;83;104m───────────────────────────────────────────────────────────────────────────────────────────[38;2;124;133;154m +12 … -12 dB [38;2;74;83;104m╮[0m
[38;2;221;226;234m [38;2;74;83;104m│[38;2;221;226;234m [38;2;124;133;154m+12[38;2;221;226;234m                                                                                                                [38;2;74;83;104m│[0m
[38;2;221;226;234m [38;2;74;83;104m│[38;2;221;226;234m                                                                                                                    [38;2;74;83;104m│[0m
[38;2;221;226;234m [38;2;74;83;104m│[38;2;221;226;234m      [38;2;243;233;207m⣠⠖⠚[38;2;99;217;158m●[38;2;243;233;207m⠙⠒⠒⠒⠒⠚⠉[38;2;99;217;158m●[38;2;243;233;207m⠙⠒⠒⠒⠒⠚⠉[38;2;99;217;158m●[38;2;243;233;207m⠒⠦⢤⣀⣀⣀⣀[38;2;99;217;158m●[38;2;221;226;234m                                      [38;2;243;233;207m⢀[38;2;99;217;158m●[38;2;221;226;234m                                          [38;2;74;83;104m│[0m
[38;2;221;226;234m [38;2;74;83;104m│[38;2;221;226;234m      [48;2;49;74;66m                           [38;2;243;233;207m⠈[0;38;2;243;233;207m⠉⠓⠲⠤⢤⣀⣀⡀[38;2;221;226;234m                   [38;2;243;233;207m⣀⣀⣀⣀[38;2;124;133;154m●[38;2;243;233;207m⣀⣠⠤⠴⠒⠋[48;2;49;74;66m⠉⠈[0;38;2;243;233;207m⠉⠓⠲⠤⠤⠴⠚[38;2;99;217;158m●[38;2;243;233;207m⢦⣀⣀⣀[38;2;221;226;234m                              [38;2;74;83;104m│[0m
[38;2;221;226;234m [38;2;74;83;104m│[38;2;221;226;234m [38;2;124;133;154m  0[38;2;221;226;234m  [38;2;61;68;84;48;2;49;74;66m┈┈┈┈┈┈┈┈┈┈┈┈┈┈┈┈┈┈┈┈┈┈┈┈┈┈┈┈┈┈┈┈┈┈┈[0;38;2;124;133;154m●[38;2;243;233;207m⠉⠉⠓⠲⠤⣄⣀[1;38;2;138;168;255m◉[0;38;2;243;233;207m⣀⡤⠴⠒⠒⠋⠉[38;2;124;133;154m●[38;2;243;233;207m⠉⠉⠉[48;2;49;74;66m⠁[38;2;61;68;84m┈┈┈┈┈┈┈┈┈┈┈┈┈┈┈┈┈┈┈┈┈┈┈┈[0;38;2;221;226;234m                              [38;2;74;83;104m│[0m
[38;2;221;226;234m [38;2;74;83;104m│[38;2;221;226;234m                                                                                                                    [38;2;74;83;104m│[0m
[38;2;221;226;234m [38;2;74;83;104m│[38;2;221;226;234m                                                                                                                    [38;2;74;83;104m│[0m
[38;2;221;226;234m [38;2;74;83;104m│[38;2;221;226;234m [38;2;124;133;154m-12[38;2;221;226;234m                                                                                                                [38;2;74;83;104m│[0m
[38;2;221;226;234m [38;2;74;83;104m╰────────────────────────────────────────────────────────────────────────────────────────────────────────────────────╯[0m
[38;2;221;226;234m [38;2;74;83;104m╭─[1;38;2;162;171;188m bands [0;38;2;74;83;104m────────────────────────────────────────────────────────────────────────────────╮[38;2;221;226;234m  [38;2;74;83;104m╭─[1;38;2;162;171;188m chain [0;38;2;74;83;104m────────────────╮[0m
[38;2;221;226;234m [38;2;74;83;104m│[38;2;221;226;234m    [38;2;124;133;154m+12[38;2;221;226;234m  [38;2;74;83;104m│[38;2;221;226;234m       [38;2;74;83;104m│[38;2;221;226;234m       [38;2;74;83;104m│[38;2;221;226;234m       [38;2;74;83;104m│[38;2;221;226;234m       [38;2;74;83;104m│[38;2;221;226;234m    [48;2;47;61;99m   [38;2;74;83;104m│[38;2;221;226;234m   [0;38;2;221;226;234m    [38;2;74;83;104m│[38;2;221;226;234m       [38;2;74;83;104m│[38;2;221;226;234m       [38;2;74;83;104m│[38;2;221;226;234m       [38;2;74;83;104m│[38;2;221;226;234m      [38;2;74;83;104m│[38;2;221;226;234m  [38;2;74;83;104m│[38;2;221;226;234m                        [38;2;74;83;104m│[0m
[38;2;221;226;234m [38;2;74;83;104m│[38;2;221;226;234m         [38;2;74;83;104m│[38;2;221;226;234m       [38;2;74;83;104m│[38;2;221;226;234m       [38;2;74;83;104m│[38;2;221;226;234m       [38;2;74;83;104m│[38;2;221;226;234m       [38;2;74;83;104m│[38;2;221;226;234m    [48;2;47;61;99m   [38;2;74;83;104m│[38;2;221;226;234m   [0;38;2;221;226;234m    [38;2;74;83;104m│[38;2;221;226;234m       [38;2;74;83;104m│[38;2;221;226;234m       [38;2;74;83;104m│[38;2;221;226;234m       [38;2;74;83;104m│[38;2;221;226;234m      [38;2;74;83;104m│[38;2;221;226;234m  [38;2;74;83;104m│[38;2;221;226;234m [38;2;124;133;154mpreamp[38;2;221;226;234m  [38;2;61;68;84m┄┄[38;2;242;127;188m●━[38;2;114;130;166m┼[38;2;61;68;84m┄┄┄┄[38;2;221;226;234m [38;2;242;127;188m-4.8[38;2;221;226;234m [38;2;74;83;104m│[0m
[38;2;221;226;234m [38;2;74;83;104m│[38;2;221;226;234m         [38;2;74;83;104m│[38;2;221;226;234m       [38;2;74;83;104m│[38;2;221;226;234m       [38;2;74;83;104m│[38;2;221;226;234m       [38;2;74;83;104m│[38;2;221;226;234m       [38;2;74;83;104m│[38;2;221;226;234m    [48;2;47;61;99m   [38;2;74;83;104m│[38;2;221;226;234m   [0;38;2;221;226;234m    [38;2;74;83;104m│[38;2;221;226;234m       [38;2;74;83;104m│[38;2;221;226;234m       [38;2;74;83;104m│[38;2;221;226;234m       [38;2;74;83;104m│[38;2;221;226;234m      [38;2;74;83;104m│[38;2;221;226;234m  [38;2;74;83;104m│[38;2;221;226;234m                        [38;2;74;83;104m│[0m
[38;2;221;226;234m [38;2;74;83;104m│[38;2;221;226;234m         [38;2;74;83;104m│[38;2;221;226;234m       [38;2;74;83;104m│[38;2;221;226;234m       [38;2;74;83;104m│[38;2;221;226;234m       [38;2;74;83;104m│[38;2;221;226;234m       [38;2;74;83;104m│[38;2;221;226;234m    [48;2;47;61;99m   [38;2;74;83;104m│[38;2;221;226;234m   [0;38;2;221;226;234m    [38;2;74;83;104m│[38;2;221;226;234m       [38;2;74;83;104m│[38;2;221;226;234m       [38;2;74;83;104m│[38;2;221;226;234m       [38;2;74;83;104m│[38;2;221;226;234m      [38;2;74;83;104m│[38;2;221;226;234m  [38;2;74;83;104m│[38;2;221;226;234m [38;2;124;133;154mbass[38;2;221;226;234m    [38;2;61;68;84m┄┄┄┄[38;2;114;130;166m┼[38;2;99;217;158m●[38;2;61;68;84m┄┄┄[38;2;221;226;234m [38;2;99;217;158m+1.0[38;2;221;226;234m [38;2;74;83;104m│[0m
[38;2;221;226;234m [38;2;74;83;104m│[38;2;221;226;234m    [38;2;124;133;154m +6[38;2;221;226;234m [1m▐█▌[0;38;2;221;226;234m      [38;2;74;83;104m│[38;2;221;226;234m       [38;2;74;83;104m│[38;2;221;226;234m       [38;2;74;83;104m│[38;2;221;226;234m       [38;2;74;83;104m│[38;2;221;226;234m    [48;2;47;61;99m   [38;2;74;83;104m│[38;2;221;226;234m   [0;38;2;221;226;234m    [38;2;74;83;104m│[38;2;221;226;234m       [38;2;74;83;104m│[38;2;221;226;234m       [38;2;74;83;104m│[38;2;221;226;234m       [38;2;74;83;104m│[38;2;221;226;234m      [38;2;74;83;104m│[38;2;221;226;234m  [38;2;74;83;104m│[38;2;221;226;234m                        [38;2;74;83;104m│[0m
[38;2;221;226;234m [38;2;74;83;104m│[38;2;221;226;234m         [38;2;99;217;158m┃[38;2;221;226;234m      [1m▐█▌[0;38;2;221;226;234m     [1m▐█▌[0;38;2;221;226;234m      [38;2;74;83;104m│[38;2;221;226;234m       [38;2;74;83;104m│[38;2;221;226;234m    [48;2;47;61;99m   [38;2;74;83;104m│[38;2;221;226;234m   [0;38;2;221;226;234m    [38;2;74;83;104m│[38;2;221;226;234m       [38;2;74;83;104m│[38;2;221;226;234m       [38;2;74;83;104m│[38;2;221;226;234m       [38;2;74;83;104m│[38;2;221;226;234m      [38;2;74;83;104m│[38;2;221;226;234m  [38;2;74;83;104m│[38;2;221;226;234m [38;2;124;133;154mtreble[38;2;221;226;234m  [38;2;61;68;84m┄┄┄┄[38;2;242;127;188m●[38;2;61;68;84m┄┄┄┄[38;2;221;226;234m [38;2;242;127;188m-0.5[38;2;221;226;234m [38;2;74;83;104m│[0m
[38;2;221;226;234m [38;2;74;83;104m│[38;2;221;226;234m         [38;2;99;217;158m┃[38;2;221;226;234m       [38;2;99;217;158m┃[38;2;221;226;234m       [38;2;99;217;158m┃[38;2;221;226;234m      [1m▐█▌[0;38;2;221;226;234m      [38;2;74;83;104m│[38;2;221;226;234m    [48;2;47;61;99m   [38;2;74;83;104m│[38;2;221;226;234m   [0;38;2;221;226;234m    [38;2;74;83;104m│[38;2;221;226;234m       [38;2;74;83;104m│[38;2;221;226;234m      [1m▐█▌[0;38;2;221;226;234m     [1m▐█▌[0;38;2;221;226;234m     [38;2;74;83;104m│[38;2;221;226;234m  [38;2;74;83;104m│[38;2;221;226;234m                        [38;2;74;83;104m│[0m
[38;2;221;226;234m [38;2;74;83;104m│[38;2;221;226;234m         [38;2;99;217;158m┃[38;2;221;226;234m       [38;2;99;217;158m┃[38;2;221;226;234m       [38;2;99;217;158m┃[38;2;221;226;234m       [38;2;99;217;158m┃[38;2;221;226;234m       [38;2;74;83;104m│[38;2;221;226;234m    [48;2;47;61;99m   [38;2;74;83;104m│[38;2;221;226;234m   [0;38;2;221;226;234m    [38;2;74;83;104m│[38;2;221;226;234m       [38;2;74;83;104m│[38;2;221;226;234m       [38;2;99;217;158m┃[38;2;221;226;234m       [38;2;99;217;158m┃[38;2;221;226;234m      [38;2;74;83;104m│[38;2;221;226;234m  [38;2;74;83;104m│[38;2;221;226;234m [38;2;124;133;154mtilt[38;2;221;226;234m    [38;2;61;68;84m┄┄┄┄[38;2;114;130;166m┼[38;2;61;68;84m┄┄┄┄[38;2;221;226;234m [38;2;124;133;154m0.0[38;2;221;226;234m  [38;2;74;83;104m│[0m
[38;2;221;226;234m [38;2;74;83;104m│[38;2;221;226;234m    [38;2;124;133;154m  0[38;2;221;226;234m  [38;2;74;83;104m│[38;2;221;226;234m       [38;2;74;83;104m│[38;2;221;226;234m       [38;2;74;83;104m│[38;2;221;226;234m       [38;2;74;83;104m│[38;2;221;226;234m      [1m▐█▌[0;38;2;221;226;234m   [48;2;47;61;99m   [38;2;242;127;188m┃[38;2;221;226;234m   [0;38;2;221;226;234m   [1m▐█▌[0;38;2;221;226;234m     [1m▐█▌[0;38;2;221;226;234m      [38;2;74;83;104m│[38;2;221;226;234m       [38;2;74;83;104m│[38;2;221;226;234m      [38;2;74;83;104m│[38;2;221;226;234m  [38;2;74;83;104m│[38;2;221;226;234m                        [38;2;74;83;104m│[0m
[38;2;221;226;234m [38;2;74;83;104m│[38;2;221;226;234m         [38;2;74;83;104m│[38;2;221;226;234m       [38;2;74;83;104m│[38;2;221;226;234m       [38;2;74;83;104m│[38;2;221;226;234m       [38;2;74;83;104m│[38;2;221;226;234m       [38;2;74;83;104m│[38;2;221;226;234m    [48;2;47;61;99m  [1;38;2;138;168;255m▐█▌[0;38;2;221;226;234;48;2;47;61;99m  [0;38;2;221;226;234m    [38;2;74;83;104m│[38;2;221;226;234m       [38;2;74;83;104m│[38;2;221;226;234m       [38;2;74;83;104m│[38;2;221;226;234m       [38;2;74;83;104m│[38;2;221;226;234m      [38;2;74;83;104m│[38;2;221;226;234m  [38;2;74;83;104m│[38;2;221;226;234m [38;2;124;133;154mcomp[38;2;221;226;234m    [38;2;124;133;154m‹ [1;38;2;138;168;255mnight[0;38;2;221;226;234m [38;2;124;133;154m ›[38;2;221;226;234m     [38;2;74;83;104m│[0m
[38;2;221;226;234m [38;2;74;83;104m│[38;2;221;226;234m         [38;2;74;83;104m│[38;2;221;226;234m       [38;2;74;83;104m│[38;2;221;226;234m       [38;2;74;83;104m│[38;2;221;226;234m       [38;2;74;83;104m│[38;2;221;226;234m       [38;2;74;83;104m│[38;2;221;226;234m    [48;2;47;61;99m   [38;2;74;83;104m│[38;2;221;226;234m   [0;38;2;221;226;234m    [38;2;74;83;104m│[38;2;221;226;234m       [38;2;74;83;104m│[38;2;221;226;234m       [38;2;74;83;104m│[38;2;221;226;234m       [38;2;74;83;104m│[38;2;221;226;234m      [38;2;74;83;104m│[38;2;221;226;234m  [38;2;74;83;104m│[38;2;221;226;234m                        [38;2;74;83;104m│[0m
[38;2;221;226;234m [38;2;74;83;104m│[38;2;221;226;234m    [38;2;124;133;154m -6[38;2;221;226;234m  [38;2;74;83;104m│[38;2;221;226;234m       [38;2;74;83;104m│[38;2;221;226;234m       [38;2;74;83;104m│[38;2;221;226;234m       [38;2;74;83;104m│[38;2;221;226;234m       [38;2;74;83;104m│[38;2;221;226;234m    [48;2;47;61;99m   [38;2;74;83;104m│[38;2;221;226;234m   [0;38;2;221;226;234m    [38;2;74;83;104m│[38;2;221;226;234m       [38;2;74;83;104m│[38;2;221;226;234m       [38;2;74;83;104m│[38;2;221;226;234m       [38;2;74;83;104m│[38;2;221;226;234m      [38;2;74;83;104m│[38;2;221;226;234m  [38;2;74;83;104m│[38;2;221;226;234m [38;2;124;133;154mcolour[38;2;221;226;234m  [38;2;124;133;154m‹ [1;38;2;138;168;255mtape[0;38;2;124;133;154m › 0.3[38;2;221;226;234m   [38;2;74;83;104m│[0m
[38;2;221;226;234m [38;2;74;83;104m│[38;2;221;226;234m         [38;2;74;83;104m│[38;2;221;226;234m       [38;2;74;83;104m│[38;2;221;226;234m       [38;2;74;83;104m│[38;2;221;226;234m       [38;2;74;83;104m│[38;2;221;226;234m       [38;2;74;83;104m│[38;2;221;226;234m    [48;2;47;61;99m   [38;2;74;83;104m│[38;2;221;226;234m   [0;38;2;221;226;234m    [38;2;74;83;104m│[38;2;221;226;234m       [38;2;74;83;104m│[38;2;221;226;234m       [38;2;74;83;104m│[38;2;221;226;234m       [38;2;74;83;104m│[38;2;221;226;234m      [38;2;74;83;104m│[38;2;221;226;234m  [38;2;74;83;104m│[38;2;221;226;234m                        [38;2;74;83;104m│[0m
[38;2;221;226;234m [38;2;74;83;104m│[38;2;221;226;234m         [38;2;74;83;104m│[38;2;221;226;234m       [38;2;74;83;104m│[38;2;221;226;234m       [38;2;74;83;104m│[38;2;221;226;234m       [38;2;74;83;104m│[38;2;221;226;234m       [38;2;74;83;104m│[38;2;221;226;234m    [48;2;47;61;99m   [38;2;74;83;104m│[38;2;221;226;234m   [0;38;2;221;226;234m    [38;2;74;83;104m│[38;2;221;226;234m       [38;2;74;83;104m│[38;2;221;226;234m       [38;2;74;83;104m│[38;2;221;226;234m       [38;2;74;83;104m│[38;2;221;226;234m      [38;2;74;83;104m│[38;2;221;226;234m  [38;2;74;83;104m│[38;2;221;226;234m                        [38;2;74;83;104m│[0m
[38;2;221;226;234m [38;2;74;83;104m│[38;2;221;226;234m         [38;2;74;83;104m│[38;2;221;226;234m       [38;2;74;83;104m│[38;2;221;226;234m       [38;2;74;83;104m│[38;2;221;226;234m       [38;2;74;83;104m│[38;2;221;226;234m       [38;2;74;83;104m│[38;2;221;226;234m    [48;2;47;61;99m   [38;2;74;83;104m│[38;2;221;226;234m   [0;38;2;221;226;234m    [38;2;74;83;104m│[38;2;221;226;234m       [38;2;74;83;104m│[38;2;221;226;234m       [38;2;74;83;104m│[38;2;221;226;234m       [38;2;74;83;104m│[38;2;221;226;234m      [38;2;74;83;104m│[38;2;221;226;234m  [38;2;74;83;104m│[38;2;221;226;234m                        [38;2;74;83;104m│[0m
[38;2;221;226;234m [38;2;74;83;104m│[38;2;221;226;234m    [38;2;124;133;154m-12[38;2;221;226;234m  [38;2;74;83;104m│[38;2;221;226;234m       [38;2;74;83;104m│[38;2;221;226;234m       [38;2;74;83;104m│[38;2;221;226;234m       [38;2;74;83;104m│[38;2;221;226;234m       [38;2;74;83;104m│[38;2;221;226;234m    [48;2;47;61;99m   [38;2;74;83;104m│[38;2;221;226;234m   [0;38;2;221;226;234m    [38;2;74;83;104m│[38;2;221;226;234m       [38;2;74;83;104m│[38;2;221;226;234m       [38;2;74;83;104m│[38;2;221;226;234m       [38;2;74;83;104m│[38;2;221;226;234m      [38;2;74;83;104m│[38;2;221;226;234m  [38;2;74;83;104m│[38;2;221;226;234m                        [38;2;74;83;104m│[0m
[38;2;221;226;234m [38;2;74;83;104m│[38;2;221;226;234m       [38;2;162;171;188m32Hz[38;2;221;226;234m    [38;2;162;171;188m64Hz[38;2;221;226;234m    [38;2;162;171;188m125Hz[38;2;221;226;234m   [38;2;162;171;188m250Hz[38;2;221;226;234m   [38;2;162;171;188m500Hz[38;2;221;226;234m  [1;38;2;16;19;26;48;2;138;168;255m 1kHz [0;38;2;221;226;234;48;2;47;61;99m [0;38;2;221;226;234m  [38;2;162;171;188m2kHz[38;2;221;226;234m    [38;2;162;171;188m4kHz[38;2;221;226;234m    [38;2;162;171;188m8kHz[38;2;221;226;234m    [38;2;162;171;188m16kHz[38;2;221;226;234m    [38;2;74;83;104m│[38;2;221;226;234m  [38;2;74;83;104m│[38;2;221;226;234m                        [38;2;74;83;104m│[0m
[38;2;221;226;234m [38;2;74;83;104m│[38;2;221;226;234m       [38;2;99;217;158m +4.8[38;2;221;226;234m   [38;2;99;217;158m +4.0[38;2;221;226;234m   [38;2;99;217;158m +4.2[38;2;221;226;234m   [38;2;99;217;158m +2.3[38;2;221;226;234m   [38;2;124;133;154m  0.0[38;2;221;226;234m  [48;2;47;61;99m [38;2;242;127;188m -3.1[38;2;221;226;234m [0;38;2;221;226;234m  [38;2;124;133;154m  0.0[38;2;221;226;234m   [38;2;124;133;154m  0.0[38;2;221;226;234m   [38;2;99;217;158m +3.1[38;2;221;226;234m   [38;2;99;217;158m +2.4[38;2;221;226;234m    [38;2;74;83;104m│[38;2;221;226;234m  [38;2;74;83;104m│[38;2;221;226;234m                        [38;2;74;83;104m│[0m
[38;2;221;226;234m [38;2;74;83;104m│[38;2;221;226;234m       [38;2;223;191;73m▆▆▆▆▆[38;2;221;226;234m   [38;2;233;177;66m▇▇▇▇▇[38;2;221;226;234m   [38;2;199;200;83m▆▆▆▆▆[38;2;221;226;234m   [38;2;129;200;101m▆▆▆▆▆[38;2;221;226;234m   [38;2;74;197;115m▅▅▅▅▅[38;2;221;226;234m  [48;2;47;61;99m [38;2;94;200;110m▅▅▅▅▅[38;2;221;226;234m [0;38;2;221;226;234m  [38;2;66;187;113m▅▅▅▅▅[38;2;221;226;234m   [38;2;56;175;111m▄▄▄▄▄[38;2;221;226;234m   [38;2;48;165;110m▄▄▄▄▄[38;2;221;226;234m   [38;2;31;141;106m▃▃▃▃▃[38;2;221;226;234m    [38;2;74;83;104m│[38;2;221;226;234m  [38;2;74;83;104m│[38;2;221;226;234m                        [38;2;74;83;104m│[0m
[38;2;221;226;234m [38;2;74;83;104m╰────────────────────────────────────────────────────────────────────────────────────────╯[38;2;221;226;234m  [38;2;74;83;104m╰────────────────────────╯[0m

[38;2;221;226;234m  [38;2;162;171;188m1 kHz selected — ↑↓ 0.5 dB, ⇧↑↓ 3 dB, Enter types a value[0m
[1;38;2;238;241;246;48;2;52;60;77m ← → [0;38;2;124;133;154m select  [1;38;2;238;241;246;48;2;52;60;77m ↑ ↓ [0;38;2;124;133;154m ±0.5  [1;38;2;238;241;246;48;2;52;60;77m ⇧↑↓ [0;38;2;124;133;154m ±3  [1;38;2;238;241;246;48;2;52;60;77m Enter [0;38;2;124;133;154m exact  [1;38;2;238;241;246;48;2;52;60;77m Del [0;38;2;124;133;154m reset  [1;38;2;238;241;246;48;2;52;60;77m u [0;38;2;124;133;154m undo  [1;38;2;238;241;246;48;2;52;60;77m y [0;38;2;124;133;154m look  [1;38;2;238;241;246;48;2;52;60;77m ? [0;38;2;124;133;154m keys  [1;38;2;238;241;246;48;2;52;60;77m q [0;38;2;124;133;154m quit[0m
