[38;2;138;168;255;48;2;57;66;90m ◉ [1;38;2;238;241;246mBE-RCA [0;38;2;162;171;188;48;2;27;30;37m 44.1 kHz[38;2;74;83;104m │ [38;2;124;133;154mpreamp [38;2;242;127;188m-4.8[38;2;124;133;154m dB[38;2;74;83;104m │ [38;2;138;168;255m◆ [1;38;2;221;226;234mfavourite[38;2;242;193;78m*[0;38;2;221;226;234;48;2;27;30;37m        [38;2;124;133;154m peak [38;2;242;163;58m-6.0[38;2;124;133;154m dB [1;38;2;16;19;26;48;2;255;209;102m SOLO [0;38;2;221;226;234;48;2;27;30;37m [0m
[38;2;221;226;234m [1;38;2;16;19;26;48;2;138;168;255m Meter [0;38;2;221;226;234m [4;38;2;138;168;255mT[0;38;2;124;133;154mune[38;2;221;226;234m [4;38;2;138;168;255mI[0;38;2;124;133;154mnstruments[38;2;221;226;234m [4;38;2;138;168;255mF[0;38;2;124;133;154milters[38;2;221;226;234m [4;38;2;138;168;255mP[0;38;2;124;133;154mresets[38;2;221;226;234m [4;38;2;138;168;255mD[0;38;2;124;133;154mevices[38;2;221;226;234m [4;38;2;138;168;255mA[0;38;2;124;133;154mpps[38;2;221;226;234m [4;38;2;138;168;255mS[0;38;2;124;133;154mystem[38;2;221;226;234m [4;38;2;138;168;255mE[0;38;2;124;133;154mvents[38;2;221;226;234m [4;38;2;138;168;255mH[0;38;2;124;133;154mistory[0m
[38;2;221;226;234m   [38;2;114;130;166m╭─[1;38;2;162;171;188m meter [0;38;2;114;130;166m───────────────────────────────────────────────[38;2;124;133;154m dBFS · gain dB [38;2;114;130;166m╮[0m
[38;2;221;226;234m   [38;2;114;130;166m│[38;2;221;226;234m                 [38;2;108;182;255m┌────────┐[38;2;221;226;234m [38;2;108;182;255m┌─[38;2;83;132;181m F1 [38;2;108;182;255m──┐[38;2;221;226;234m [38;2;108;182;255m┌[38;2;83;132;181m F2 [38;2;108;182;255m─┐[38;2;221;226;234m [38;2;108;182;255m┌────┐[38;2;221;226;234m [38;2;108;182;255m┌───┐[38;2;221;226;234m             [38;2;114;130;166m│[0m
[38;2;221;226;234m   [38;2;114;130;166m│[38;2;124;133;154m  0[38;2;221;226;234m [38;2;74;83;104m┤[38;2;221;226;234m  [38;2;95;69;68m▔▔▔[38;2;221;226;234m   [38;2;248;150;133m▔▔▔[38;2;221;226;234m                                                  [38;2;74;83;104m├[38;2;124;133;154m+12[38;2;221;226;234m [38;2;114;130;166m│[0m
[38;2;221;226;234m   [38;2;114;130;166m│[38;2;124;133;154m -6[38;2;221;226;234m [38;2;74;83;104m┤[38;2;221;226;234m  [38;2;58;67;86m░░░[38;2;221;226;234m   [38;2;236;172;63m▄▄▄[38;2;221;226;234m   [38;2;243;201;130m▔▔▔[38;2;221;226;234m                                                 [38;2;114;130;166m│[0m
[38;2;221;226;234m   [38;2;114;130;166m│[38;2;124;133;154m-12[38;2;221;226;234m [38;2;74;83;104m┤[38;2;221;226;234m  [48;2;79;83;55m   [0;38;2;221;226;234m   [48;2;190;200;85m   [0;38;2;221;226;234m   [38;2;190;200;85m▅▅▅[38;2;221;226;234m   [38;2;213;219;144m▔▔▔[38;2;221;226;234m         [38;2;213;219;144m▔▔▔[38;2;221;226;234m                               [38;2;114;130;166m│[0m
[38;2;221;226;234m   [38;2;114;130;166m│[38;2;221;226;234m      [38;2;243;233;207m⢀[48;2;56;83;61m⡤⠖⢦[0;38;2;243;233;207m⣀⣀⣠[48;2;109;200;106m⠴⠒⢦[0;38;2;243;233;207m⣀⣀⣠[48;2;109;200;106m⠤⠤⣄[0;38;2;221;226;234m   [38;2;109;200;106m▇▇▇[38;2;221;226;234m   [38;2;160;219;158m▔▔▔[38;2;221;226;234m   [38;2;109;200;106m▃▃▃[38;2;221;226;234m   [38;2;160;219;158m▔▔▔[38;2;221;226;234m                    [38;2;74;83;104m├[38;2;124;133;154m+6[38;2;221;226;234m  [38;2;114;130;166m│[0m
[38;2;221;226;234m   [38;2;114;130;166m│[38;2;221;226;234m      [38;2;243;233;207m⠊[38;2;221;226;234;48;2;45;81;63m   [48;2;46;67;61m   [48;2;69;191;114m   [48;2;46;67;61m   [48;2;69;191;114m  [38;2;243;233;207m⠈[0;38;2;243;233;207m⠳⠤⠤[48;2;69;191;114m⢤⣀[38;2;221;226;234m [0;38;2;221;226;234m   [38;2;69;191;114m███[38;2;221;226;234m   [48;2;69;191;114m   [0;38;2;221;226;234m   [38;2;69;191;114m▂▂▂[38;2;221;226;234m   [38;2;134;213;163m▔▔▔[38;2;221;226;234m   [38;2;243;233;207m⣀⣀⡀[38;2;221;226;234m             [38;2;114;130;166m│[0m
[38;2;221;226;234m   [38;2;114;130;166m│[38;2;124;133;154m-24[38;2;221;226;234m [38;2;74;83;104m┤[38;2;221;226;234m [48;2;46;67;61m [48;2;42;77;62m   [48;2;46;67;61m   [48;2;58;177;112m   [48;2;46;67;61m   [48;2;58;177;112m   [48;2;46;67;61m   [48;2;58;177;112m [38;2;243;233;207m⠈⠙[0;38;2;243;233;207m⠦⣄⡀[38;2;221;226;234;48;2;58;177;112m   [0;38;2;221;226;234m   [48;2;58;177;112m   [0;38;2;221;226;234m   [48;2;58;177;112m   [0;38;2;221;226;234m   [38;2;58;177;112m▃▃▃[38;2;243;233;207m⣀⡤⠞[48;2;46;67;61m⠁[38;2;127;204;162m▔[0;38;2;243;233;207m⠙⠦⣄⣠⠞⠱⡀[38;2;221;226;234m       [38;2;114;130;166m│[0m
[38;2;221;226;234m   [38;2;114;130;166m│[38;2;221;226;234m      [38;2;61;68;84;48;2;46;67;61m┈[38;2;221;226;234;48;2;39;73;62m   [38;2;61;68;84;48;2;46;67;61m┈┈┈[38;2;221;226;234;48;2;46;162;110m   [38;2;61;68;84;48;2;46;67;61m┈┈┈[38;2;221;226;234;48;2;46;162;110m   [38;2;61;68;84;48;2;46;67;61m┈┈┈[38;2;221;226;234;48;2;46;162;110m   [38;2;61;68;84;48;2;46;67;61m┈┈[0;38;2;243;233;207m⠉[48;2;46;162;110m⠓⠦⢤[0;38;2;243;233;207m⣀[38;2;61;68;84;48;2;69;52;66m┈┈[38;2;221;226;234;48;2;46;162;110m   [38;2;61;68;84;48;2;69;52;66m┈┈[0;38;2;243;233;207m⣀[48;2;46;162;110m⣀⡤⠤[0;38;2;243;233;207m⠤⠖⠒[48;2;46;162;110m⠒⠚⠉[48;2;46;67;61m⠁[38;2;61;68;84m┈┈[38;2;46;162;110m▆▆▆[38;2;61;68;84m┈┈┈[38;2;59;82;76m▔▔[0;38;2;243;233;207m⠙⠒⠒[38;2;74;83;104m├[38;2;243;233;207m 0[38;2;221;226;234m  [38;2;114;130;166m│[0m
[38;2;221;226;234m   [38;2;114;130;166m│[38;2;124;133;154m-36[38;2;221;226;234m [38;2;74;83;104m┤[38;2;221;226;234m  [48;2;35;69;61m   [0;38;2;221;226;234m   [48;2;34;147;108m   [0;38;2;221;226;234m   [48;2;34;147;108m   [0;38;2;221;226;234m   [48;2;34;147;108m   [0;38;2;221;226;234m   [48;2;34;147;108m   [0;38;2;243;233;207m⠈⠓⢦[48;2;34;147;108m⣀⢀⣠[0;38;2;243;233;207m⠖⠋⠁[38;2;221;226;234;48;2;34;147;108m   [0;38;2;221;226;234m   [48;2;34;147;108m   [0;38;2;221;226;234m   [48;2;34;147;108m   [0;38;2;221;226;234m             [38;2;114;130;166m│[0m
[38;2;221;226;234m   [38;2;114;130;166m│[38;2;221;226;234m       [48;2;34;65;60m   [0;38;2;221;226;234m   [48;2;30;136;104m   [0;38;2;221;226;234m   [48;2;30;136;104m   [0;38;2;221;226;234m   [48;2;30;136;104m   [0;38;2;221;226;234m   [48;2;30;136;104m   [0;38;2;221;226;234m   [38;2;243;233;207;48;2;30;136;104m⠈⠉[38;2;221;226;234m [0;38;2;221;226;234m   [48;2;30;136;104m   [0;38;2;221;226;234m   [48;2;30;136;104m   [0;38;2;221;226;234m   [48;2;30;136;104m   [0;38;2;221;226;234m   [38;2;34;65;60m███[38;2;221;226;234m       [38;2;114;130;166m│[0m
[38;2;221;226;234m   [38;2;114;130;166m│[38;2;221;226;234m       [48;2;34;63;59m   [0;38;2;221;226;234m   [48;2;30;127;100m   [0;38;2;221;226;234m   [48;2;30;127;100m   [0;38;2;221;226;234m   [48;2;30;127;100m   [0;38;2;221;226;234m   [48;2;30;127;100m   [0;38;2;221;226;234m   [48;2;30;127;100m   [0;38;2;221;226;234m   [48;2;30;127;100m   [0;38;2;221;226;234m   [48;2;30;127;100m   [0;38;2;221;226;234m   [48;2;30;127;100m   [0;38;2;221;226;234m   [48;2;34;63;59m   [0;38;2;221;226;234m  [38;2;74;83;104m├[38;2;124;133;154m-6[38;2;221;226;234m  [38;2;114;130;166m│[0m
[38;2;221;226;234m   [38;2;114;130;166m│[38;2;124;133;154m-48[38;2;221;226;234m [38;2;74;83;104m┤[38;2;221;226;234m  [48;2;34;60;58m   [0;38;2;221;226;234m   [48;2;29;118;97m   [0;38;2;221;226;234m   [48;2;29;118;97m   [0;38;2;221;226;234m   [48;2;29;118;97m   [0;38;2;221;226;234m   [48;2;29;118;97m   [0;38;2;221;226;234m   [48;2;29;118;97m   [0;38;2;221;226;234m   [48;2;29;118;97m   [0;38;2;221;226;234m   [48;2;29;118;97m   [0;38;2;221;226;234m   [48;2;29;118;97m   [0;38;2;221;226;234m   [48;2;34;60;58m   [0;38;2;221;226;234m       [38;2;114;130;166m│[0m
[38;2;221;226;234m   [38;2;114;130;166m│[38;2;221;226;234m       [48;2;34;58;57m   [0;38;2;221;226;234m   [48;2;28;108;93m   [0;38;2;221;226;234m   [48;2;28;108;93m   [0;38;2;221;226;234m   [48;2;28;108;93m   [0;38;2;221;226;234m   [48;2;28;108;93m   [0;38;2;221;226;234m   [48;2;28;108;93m   [0;38;2;221;226;234m   [48;2;28;108;93m   [0;38;2;221;226;234m   [48;2;28;108;93m   [0;38;2;221;226;234m   [48;2;28;108;93m   [0;38;2;221;226;234m   [48;2;34;58;57m   [0;38;2;221;226;234m       [38;2;114;130;166m│[0m
[38;2;221;226;234m   [38;2;114;130;166m│[38;2;124;133;154m-60[38;2;221;226;234m [38;2;74;83;104m┤[38;2;221;226;234m  [48;2;33;55;56m   [0;38;2;221;226;234m   [48;2;27;99;89m   [0;38;2;221;226;234m   [48;2;27;99;89m   [0;38;2;221;226;234m   [48;2;27;99;89m   [0;38;2;221;226;234m   [48;2;27;99;89m   [0;38;2;221;226;234m   [48;2;27;99;89m   [0;38;2;221;226;234m   [48;2;27;99;89m   [0;38;2;221;226;234m   [48;2;27;99;89m   [0;38;2;221;226;234m   [48;2;27;99;89m   [0;38;2;221;226;234m   [48;2;33;55;56m   [0;38;2;221;226;234m  [38;2;74;83;104m├[38;2;124;133;154m-12[38;2;221;226;234m [38;2;114;130;166m│[0m
[38;2;221;226;234m   [38;2;114;130;166m╰───────────────────────────────────────────────────────────────────────╯[0m
[38;2;221;226;234m           [38;2;88;81;51m-9[38;2;221;226;234m    [38;2;233;177;66m-8[38;2;221;226;234m    [38;2;199;200;83m-11[38;2;221;226;234m   [38;2;129;200;101m-15[38;2;221;226;234m   [38;2;74;197;115m-19[38;2;221;226;234m   [38;2;94;200;110m-17[38;2;221;226;234m   [38;2;66;187;113m-22[38;2;221;226;234m   [38;2;56;175;111m-26[38;2;221;226;234m   [38;2;48;165;110m-29[38;2;221;226;234m   [38;2;35;67;61m-37[0m
[38;2;221;226;234m          [38;2;124;133;154m32Hz[38;2;221;226;234m  [38;2;162;171;188m64Hz[38;2;221;226;234m  [38;2;162;171;188m125Hz[38;2;221;226;234m [38;2;162;171;188m250Hz[38;2;221;226;234m [38;2;162;171;188m500Hz[38;2;221;226;234m [1;38;2;162;171;188m1kHz[0;38;2;221;226;234m  [38;2;162;171;188m2kHz[38;2;221;226;234m  [38;2;162;171;188m4kHz[38;2;221;226;234m  [38;2;162;171;188m8kHz[38;2;221;226;234m  [38;2;124;133;154m16kHz[0m
[38;2;221;226;234m         [38;2;124;133;154m +4.8 [38;2;99;217;158;48;2;54;88;75m +4.0  +4.2  +2.3 [0;38;2;221;226;234m [38;2;124;133;154m 0.0 [1;38;2;16;19;26;48;2;242;127;188m -3.1 [0;38;2;221;226;234m [38;2;124;133;154m 0.0 [38;2;221;226;234m [38;2;124;133;154m 0.0 [38;2;99;217;158;48;2;54;88;75m +3.1 [0;38;2;124;133;154m +2.4[0m
[38;2;221;226;234m    [1;38;2;108;182;255mvox[0;38;2;221;226;234m              [38;2;108;182;255m━━━━━━━━━━[38;2;221;226;234m [38;2;108;182;255m━━[38;2;124;133;154m F1 [38;2;108;182;255m━━━[38;2;221;226;234m [38;2;108;182;255m━[38;2;124;133;154m F2 [38;2;108;182;255m━━[38;2;221;226;234m [38;2;108;182;255m━━━━━━[38;2;221;226;234m [38;2;108;182;255m━━━━━[0m
[38;2;221;226;234m    [1;38;2;242;193;78m! [0;38;2;162;171;188mlistening to voice alone: 85 Hz–9 kHz — l again or Esc to stop[0m
[1;38;2;238;241;246;48;2;52;60;77m 1…0 [0;38;2;124;133;154m band  [1;38;2;238;241;246;48;2;52;60;77m ⇧ [0;38;2;124;133;154m down  [1;38;2;238;241;246;48;2;52;60;77m z [0;38;2;124;133;154m zones on  [1;38;2;238;241;246;48;2;52;60;77m [ ] [0;38;2;124;133;154m focus  [1;38;2;238;241;246;48;2;52;60;77m ? [0;38;2;124;133;154m keys  [1;38;2;238;241;246;48;2;52;60;77m q [0;38;2;124;133;154m quit[0m
