[38;2;53;82;204;48;2;214;207;191m ◉ [1;38;2;21;24;31mBE-RCA [0;38;2;74;82;100;48;2;236;231;220m 44.1 kHz[38;2;203;195;179m │ [38;2;139;144;157mpreamp [38;2;189;47;121m-4.8[38;2;139;144;157m dB[38;2;203;195;179m │ [38;2;53;82;204m◆ [1;38;2;32;36;45mfavourite[38;2;183;134;11m*[0;38;2;203;195;179;48;2;236;231;220m │ [38;2;47;111;208m● [38;2;32;36;45mvoice [38;2;29;148;87m+3.0[38;2;203;195;179m │ [38;2;139;144;157mbass [38;2;29;148;87m+1[38;2;139;144;157m treble [38;2;189;47;121m-0.5[38;2;32;36;45m                  [38;2;139;144;157m peak [38;2;224;123;31m-6.0[38;2;139;144;157m dB [0m
[38;2;32;36;45;48;2;246;243;236m [1;38;2;251;249;244;48;2;53;82;204m Meter [0;38;2;32;36;45;48;2;246;243;236m  [4;38;2;53;82;204mT[0;38;2;139;144;157;48;2;246;243;236mune [38;2;32;36;45m  [4;38;2;53;82;204mI[0;38;2;139;144;157;48;2;246;243;236mnstruments [38;2;32;36;45m  [4;38;2;53;82;204mF[0;38;2;139;144;157;48;2;246;243;236milters [38;2;32;36;45m  [4;38;2;53;82;204mP[0;38;2;139;144;157;48;2;246;243;236mresets [38;2;32;36;45m  [4;38;2;53;82;204mD[0;38;2;139;144;157;48;2;246;243;236mevices [38;2;32;36;45m  [4;38;2;53;82;204mA[0;38;2;139;144;157;48;2;246;243;236mpps [38;2;32;36;45m  [4;38;2;53;82;204mS[0;38;2;139;144;157;48;2;246;243;236mystem [38;2;32;36;45m  [4;38;2;53;82;204mE[0;38;2;139;144;157;48;2;246;243;236mvents [38;2;32;36;45m  [4;38;2;53;82;204mH[0;38;2;139;144;157;48;2;246;243;236mistory [38;2;32;36;45m              [1;38;2;53;82;204mg[0;38;2;139;144;157;48;2;246;243;236m go  [1;38;2;53;82;204m;[0;38;2;139;144;157;48;2;246;243;236m cmd[38;2;32;36;45m [0m
[38;2;203;195;179;48;2;246;243;236m╭─[1;38;2;74;82;100m meter [0;38;2;203;195;179;48;2;246;243;236m───────────────────────────────────────────────────────────────────[38;2;139;144;157m dBFS · gain dB [38;2;203;195;179m╮╭─[1;38;2;74;82;100m output [0;38;2;203;195;179;48;2;246;243;236m────────────────╮[0m
[38;2;203;195;179;48;2;246;243;236m│[38;2;139;144;157m  0[38;2;32;36;45m [38;2;203;195;179m┤[38;2;32;36;45m                                                                                 [38;2;203;195;179m├[38;2;139;144;157m+12[38;2;32;36;45m [38;2;203;195;179m││[38;2;32;36;45m [38;2;139;144;157mpeak [38;2;149;198;182m█[38;2;134;193;171m█[38;2;119;188;161m█[38;2;104;183;150m█[38;2;89;178;139m█[38;2;76;172;128m█[38;2;67;167;116m█[38;2;58;162;104m█[38;2;49;157;92m█[38;2;79;154;70m█[38;2;165;154;33m█[38;2;226;220;207m·[38;2;21;24;31m▏[38;2;32;36;45m  -6.0[38;2;203;195;179m│[0m
[38;2;203;195;179;48;2;246;243;236m│[38;2;32;36;45m       [38;2;235;144;109m▔▔▔▔▔[38;2;32;36;45m   [38;2;235;144;109m▔▔▔▔▔[38;2;32;36;45m                                                                       [38;2;203;195;179m││[38;2;32;36;45m [38;2;139;144;157mlimit [38;2;226;220;207m●[38;2;32;36;45m [38;2;139;144;157midle[38;2;32;36;45m            [38;2;203;195;179m│[0m
[38;2;203;195;179;48;2;246;243;236m│[38;2;139;144;157m -6[38;2;32;36;45m [38;2;203;195;179m┤[38;2;32;36;45m          [38;2;220;214;201m░░░░░[38;2;32;36;45m                                                                       [38;2;203;195;179m│╰─────────────────────────╯[0m
[38;2;203;195;179;48;2;246;243;236m│[38;2;32;36;45m       [38;2;220;214;201m░░░░░[38;2;32;36;45m   [38;2;211;137;26m▆▆▆▆▆[38;2;32;36;45m   [38;2;226;178;106m▔▔▔▔▔[38;2;32;36;45m                                                               [38;2;203;195;179m│╭─[1;38;2;74;82;100m dynamics [0;38;2;203;195;179;48;2;246;243;236m──────────────╮[0m
[38;2;203;195;179;48;2;246;243;236m│[38;2;32;36;45m       [38;2;194;154;20m█████[38;2;32;36;45m   [48;2;194;154;20m     [48;2;246;243;236m   [38;2;220;214;201m░░░░░[38;2;32;36;45m                                                               [38;2;203;195;179m││[38;2;32;36;45m [38;2;139;144;157mcomp  [1;38;2;53;82;204mnight[0;38;2;32;36;45;48;2;246;243;236m             [38;2;203;195;179m│[0m
[38;2;203;195;179;48;2;246;243;236m│[38;2;139;144;157m-12[38;2;32;36;45m [38;2;203;195;179m┤[38;2;32;36;45m  [48;2;152;154;38m     [48;2;246;243;236m   [48;2;152;154;38m     [48;2;246;243;236m   [48;2;152;154;38m     [48;2;246;243;236m   [38;2;188;189;114m▔▔▔▔▔[38;2;32;36;45m           [38;2;188;189;114m▔▔▔▔▔[38;2;32;36;45m                                       [38;2;203;195;179m││[38;2;32;36;45m [38;2;139;144;157mGR    [38;2;226;220;207m··········[38;2;183;134;11m██[38;2;32;36;45m [38;2;183;134;11m -2.1[38;2;203;195;179m│[0m
[38;2;203;195;179;48;2;246;243;236m│[38;2;32;36;45m       [48;2;111;154;56m     [48;2;246;243;236m   [48;2;111;154;56m     [48;2;246;243;236m   [48;2;111;154;56m     [48;2;246;243;236m   [38;2;111;154;56m▃▃▃▃▃[38;2;32;36;45m   [38;2;161;189;126m▔▔▔▔▔[38;2;32;36;45m   [38;2;220;214;201m░░░░░[38;2;32;36;45m                                  [38;2;203;195;179m├[38;2;139;144;157m+6[38;2;32;36;45m  [38;2;203;195;179m││[38;2;32;36;45m [38;2;139;144;157mcolour[38;2;32;36;45m [1;38;2;53;82;204mtape[0;38;2;32;36;45;48;2;246;243;236m [38;2;53;82;204m█▊[38;2;226;220;207m····[38;2;32;36;45m   0.3[38;2;203;195;179m│[0m
[38;2;203;195;179;48;2;246;243;236m│[38;2;32;36;45m       [38;2;38;42;51;48;2;69;154;74m⢀⠞⠉⠓⢦[48;2;246;243;236m⡀[38;2;32;36;45m [38;2;38;42;51m⣀[48;2;69;154;74m⡴⠋⠉⠳⢤[48;2;246;243;236m⡀[38;2;32;36;45m [38;2;38;42;51m⣀[48;2;69;154;74m⡴⠒⠲⣄[38;2;32;36;45m [48;2;246;243;236m   [48;2;69;154;74m     [48;2;246;243;236m           [38;2;69;154;74m▃▃▃▃▃[38;2;32;36;45m                                       [38;2;203;195;179m│╰─────────────────────────╯[0m
[38;2;203;195;179;48;2;246;243;236m│[38;2;32;36;45m      [38;2;38;42;51m⢀[48;2;46;155;87m⠎[38;2;32;36;45m    [38;2;38;42;51;48;2;246;243;236m⠉⠉[48;2;211;228;212m⠁[38;2;32;36;45;48;2;46;155;87m     [38;2;38;42;51;48;2;246;243;236m⠉⠉[48;2;211;228;212m⠁[38;2;32;36;45;48;2;46;155;87m   [38;2;38;42;51m⠈⢣[48;2;246;243;236m⡀[38;2;32;36;45m  [48;2;46;155;87m     [48;2;246;243;236m   [38;2;46;155;87m▄▄▄▄▄[38;2;32;36;45m   [48;2;46;155;87m     [48;2;246;243;236m   [38;2;119;190;146m▔▔▔▔▔[38;2;32;36;45m                               [38;2;203;195;179m│╭─[1;38;2;74;82;100m tone [0;38;2;203;195;179;48;2;246;243;236m──────────────────╮[0m
[38;2;203;195;179;48;2;246;243;236m│[38;2;32;36;45m      [38;2;38;42;51m⠊[38;2;32;36;45;48;2;50;157;93m     [48;2;211;228;212m   [48;2;50;157;93m     [48;2;211;228;212m   [48;2;50;157;93m     [38;2;38;42;51;48;2;246;243;236m⠙⠦⢤[48;2;50;157;93m⣀⣀⡀[38;2;32;36;45m  [48;2;246;243;236m   [48;2;50;157;93m     [48;2;246;243;236m   [48;2;50;157;93m     [48;2;246;243;236m   [38;2;220;214;201m░░░░░[38;2;32;36;45m   [38;2;122;191;150m▔▔▔▔▔[38;2;32;36;45m    [38;2;38;42;51m⢀⣀[38;2;32;36;45m                 [38;2;203;195;179m││[38;2;32;36;45m [38;2;139;144;157mbass[38;2;32;36;45m   [38;2;226;220;207m┄┄┄┄┄[38;2;154;145;127m┼[38;2;29;148;87m●[38;2;226;220;207m┄┄┄[38;2;32;36;45m  [38;2;29;148;87m +1.0[38;2;203;195;179m│[0m
[38;2;203;195;179;48;2;246;243;236m│[38;2;139;144;157m-24[38;2;32;36;45m [38;2;203;195;179m┤[38;2;32;36;45m [48;2;211;228;212m [48;2;54;160;99m     [48;2;211;228;212m   [48;2;54;160;99m     [48;2;211;228;212m   [48;2;54;160;99m     [48;2;211;228;212m   [48;2;54;160;99m  [38;2;38;42;51m⠉⢣⡀[38;2;32;36;45;48;2;246;243;236m   [48;2;54;160;99m     [48;2;246;243;236m   [48;2;54;160;99m     [48;2;246;243;236m   [48;2;54;160;99m     [48;2;246;243;236m           [38;2;38;42;51m⡴[48;2;211;228;212m⠋⠈[48;2;246;243;236m⠳⡀[38;2;32;36;45m    [38;2;38;42;51m⢠⡄[38;2;32;36;45m         [38;2;203;195;179m││[38;2;32;36;45m [38;2;139;144;157mtreble[38;2;32;36;45m [38;2;226;220;207m┄┄┄┄┄[38;2;189;47;121m●[38;2;226;220;207m┄┄┄┄[38;2;32;36;45m  [38;2;189;47;121m -0.5[38;2;203;195;179m│[0m
[38;2;203;195;179;48;2;246;243;236m│[38;2;32;36;45m      [48;2;211;228;212m [48;2;59;162;105m     [48;2;211;228;212m   [48;2;59;162;105m     [48;2;211;228;212m   [48;2;59;162;105m     [48;2;211;228;212m   [48;2;59;162;105m    [38;2;38;42;51m⠙[48;2;246;243;236m⢦⡀[38;2;32;36;45m [48;2;59;162;105m     [48;2;246;243;236m   [48;2;59;162;105m     [48;2;246;243;236m   [48;2;59;162;105m     [48;2;246;243;236m   [38;2;59;162;105m▃▃▃▃▃[38;2;32;36;45m [38;2;38;42;51m⣠⠞[38;2;128;195;158;48;2;211;228;212m▔▔▔▔[38;2;38;42;51;48;2;246;243;236m⠙⢦⣀[38;2;32;36;45m [38;2;38;42;51m⣠[48;2;211;228;212m⠃[48;2;246;243;236m⠘⡄[38;2;32;36;45m        [38;2;203;195;179m││[38;2;32;36;45m [38;2;139;144;157mtilt[38;2;32;36;45m   [38;2;226;220;207m┄┄┄┄┄[38;2;154;145;127m┼[38;2;226;220;207m┄┄┄┄[38;2;32;36;45m  [38;2;139;144;157m  0.0[38;2;203;195;179m│[0m
[38;2;203;195;179;48;2;246;243;236m│[38;2;32;36;45m      [48;2;211;228;212m [48;2;63;165;111m     [48;2;211;228;212m   [48;2;63;165;111m     [48;2;211;228;212m   [48;2;63;165;111m     [48;2;211;228;212m   [48;2;63;165;111m     [48;2;211;228;212m [38;2;38;42;51;48;2;246;243;236m⠙⠦[48;2;63;165;111m⣄[38;2;32;36;45m    [48;2;246;243;236m   [48;2;63;165;111m     [48;2;246;243;236m   [48;2;63;165;111m     [48;2;246;243;236m   [48;2;63;165;111m  [38;2;38;42;51m⢀⣀⡤[48;2;246;243;236m⠞[48;2;211;228;212m⠁[38;2;32;36;45m       [38;2;38;42;51m⠈[48;2;246;243;236m⠉[48;2;211;228;212m⠁[38;2;32;36;45m  [38;2;38;42;51;48;2;246;243;236m⢣⡀[38;2;32;36;45m       [38;2;203;195;179m│╰─────────────────────────╯[0m
[38;2;203;195;179;48;2;246;243;236m│[38;2;32;36;45m      [38;2;226;220;207;48;2;211;228;212m┈[38;2;32;36;45;48;2;67;167;116m     [38;2;226;220;207;48;2;211;228;212m┈┈┈[38;2;32;36;45;48;2;67;167;116m     [38;2;226;220;207;48;2;211;228;212m┈┈┈[38;2;32;36;45;48;2;67;167;116m     [38;2;226;220;207;48;2;211;228;212m┈┈┈[38;2;32;36;45;48;2;67;167;116m     [38;2;226;220;207;48;2;211;228;212m┈┈┈[38;2;38;42;51;48;2;67;167;116m⠈⠙⠦⣄⡀[38;2;226;220;207;48;2;237;212;218m┈┈┈[38;2;32;36;45;48;2;67;167;116m     [38;2;226;220;207;48;2;237;212;218m┈┈┈[38;2;32;36;45;48;2;67;167;116m  [38;2;38;42;51m⣀⣀⡤[48;2;246;243;236m⠤⠖⠒[48;2;67;167;116m⠚⠉⠉[38;2;32;36;45m  [38;2;226;220;207;48;2;211;228;212m┈┈┈[38;2;67;167;116m█████[38;2;226;220;207m┈┈┈[38;2;133;198;165m▔▔▔▔[38;2;38;42;51;48;2;246;243;236m⠙⠒⠒[38;2;203;195;179m├[38;2;38;42;51m 0[38;2;32;36;45m  [38;2;203;195;179m│╭─[1;38;2;74;82;100m knobs [0;38;2;203;195;179;48;2;246;243;236m─────────────────╮[0m
[38;2;203;195;179;48;2;246;243;236m│[38;2;32;36;45m       [48;2;72;170;122m     [48;2;246;243;236m   [48;2;72;170;122m     [48;2;246;243;236m   [48;2;72;170;122m     [48;2;246;243;236m   [48;2;72;170;122m     [48;2;246;243;236m   [48;2;72;170;122m    [38;2;38;42;51m⠙[48;2;246;243;236m⢦[48;2;237;212;218m⡀[38;2;32;36;45m [48;2;72;170;122m     [48;2;237;212;218m [38;2;38;42;51;48;2;246;243;236m⢀⡴[48;2;72;170;122m⠚⠉⠁[38;2;32;36;45m  [48;2;246;243;236m   [48;2;72;170;122m     [48;2;246;243;236m   [48;2;72;170;122m     [48;2;246;243;236m               [38;2;203;195;179m││[38;2;32;36;45m [38;2;212;80;47m●[38;2;32;36;45m [38;2;74;82;100mkick[38;2;32;36;45m    [38;2;226;220;207m┄┄┄[38;2;154;145;127m┼[38;2;226;220;207m┄┄┄[38;2;32;36;45m  [38;2;139;144;157m  0.0[38;2;203;195;179m│[0m
[38;2;203;195;179;48;2;246;243;236m│[38;2;32;36;45m       [48;2;76;172;128m     [48;2;246;243;236m   [48;2;76;172;128m     [48;2;246;243;236m   [48;2;76;172;128m     [48;2;246;243;236m   [48;2;76;172;128m     [48;2;246;243;236m   [48;2;76;172;128m     [48;2;246;243;236m [38;2;38;42;51m⠙⢦[48;2;76;172;128m⡀[38;2;32;36;45m   [38;2;38;42;51m⢠[48;2;246;243;236m⠞⠉[38;2;32;36;45m [48;2;76;172;128m     [48;2;246;243;236m   [48;2;76;172;128m     [48;2;246;243;236m   [48;2;76;172;128m     [48;2;246;243;236m               [38;2;203;195;179m││[38;2;32;36;45m [38;2;201;122;18m●[38;2;32;36;45m [38;2;74;82;100mbass[38;2;32;36;45m    [38;2;226;220;207m┄┄┄[38;2;154;145;127m┼[38;2;226;220;207m┄┄┄[38;2;32;36;45m  [38;2;139;144;157m  0.0[38;2;203;195;179m│[0m
[38;2;203;195;179;48;2;246;243;236m│[38;2;139;144;157m-36[38;2;32;36;45m [38;2;203;195;179m┤[38;2;32;36;45m  [48;2;81;175;134m     [48;2;246;243;236m   [48;2;81;175;134m     [48;2;246;243;236m   [48;2;81;175;134m     [48;2;246;243;236m   [48;2;81;175;134m     [48;2;246;243;236m   [48;2;81;175;134m     [48;2;246;243;236m   [38;2;38;42;51;48;2;81;175;134m⠙⢦⣠⠴⠃[38;2;32;36;45;48;2;246;243;236m   [48;2;81;175;134m     [48;2;246;243;236m   [48;2;81;175;134m     [48;2;246;243;236m   [48;2;81;175;134m     [48;2;246;243;236m   [38;2;81;175;134m▃▃▃▃▃[38;2;32;36;45m       [38;2;203;195;179m││[38;2;32;36;45m [38;2;168;138;0m●[38;2;32;36;45m [38;2;74;82;100msnare[38;2;32;36;45m   [38;2;226;220;207m┄┄┄[38;2;154;145;127m┼[38;2;226;220;207m┄┄┄[38;2;32;36;45m  [38;2;139;144;157m  0.0[38;2;203;195;179m│[0m
[38;2;203;195;179;48;2;246;243;236m│[38;2;32;36;45m       [48;2;88;177;139m     [48;2;246;243;236m   [48;2;88;177;139m     [48;2;246;243;236m   [48;2;88;177;139m     [48;2;246;243;236m   [48;2;88;177;139m     [48;2;246;243;236m   [48;2;88;177;139m     [48;2;246;243;236m   [48;2;88;177;139m     [48;2;246;243;236m   [48;2;88;177;139m     [48;2;246;243;236m   [48;2;88;177;139m     [48;2;246;243;236m   [48;2;88;177;139m     [48;2;246;243;236m   [48;2;88;177;139m     [48;2;246;243;236m       [38;2;203;195;179m││[38;2;32;36;45m [38;2;93;143;22m●[38;2;32;36;45m [38;2;74;82;100mguitar[38;2;32;36;45m  [38;2;226;220;207m┄┄┄[38;2;154;145;127m┼[38;2;226;220;207m┄┄┄[38;2;32;36;45m  [38;2;139;144;157m  0.0[38;2;203;195;179m│[0m
[38;2;203;195;179;48;2;246;243;236m│[38;2;32;36;45m       [48;2;95;180;144m     [48;2;246;243;236m   [48;2;95;180;144m     [48;2;246;243;236m   [48;2;95;180;144m     [48;2;246;243;236m   [48;2;95;180;144m     [48;2;246;243;236m   [48;2;95;180;144m     [48;2;246;243;236m   [48;2;95;180;144m     [48;2;246;243;236m   [48;2;95;180;144m     [48;2;246;243;236m   [48;2;95;180;144m     [48;2;246;243;236m   [48;2;95;180;144m     [48;2;246;243;236m   [48;2;95;180;144m     [48;2;246;243;236m       [38;2;203;195;179m││[38;2;32;36;45m [38;2;15;143;128m●[38;2;32;36;45m [38;2;74;82;100mpiano[38;2;32;36;45m   [38;2;226;220;207m┄┄┄[38;2;154;145;127m┼[38;2;226;220;207m┄┄┄[38;2;32;36;45m  [38;2;139;144;157m  0.0[38;2;203;195;179m│[0m
[38;2;203;195;179;48;2;246;243;236m│[38;2;32;36;45m       [48;2;103;182;149m     [48;2;246;243;236m   [48;2;103;182;149m     [48;2;246;243;236m   [48;2;103;182;149m     [48;2;246;243;236m   [48;2;103;182;149m     [48;2;246;243;236m   [48;2;103;182;149m     [48;2;246;243;236m   [48;2;103;182;149m     [48;2;246;243;236m   [48;2;103;182;149m     [48;2;246;243;236m   [48;2;103;182;149m     [48;2;246;243;236m   [48;2;103;182;149m     [48;2;246;243;236m   [48;2;103;182;149m     [48;2;246;243;236m       [38;2;203;195;179m││[38;2;32;36;45m [38;2;47;111;208m●[38;2;32;36;45m [38;2;21;24;31mvoice[38;2;32;36;45m   [38;2;226;220;207m┄┄┄[38;2;154;145;127m┼[38;2;29;148;87m●[38;2;226;220;207m┄┄[38;2;32;36;45m  [38;2;29;148;87m +3.0[38;2;203;195;179m│[0m
[38;2;203;195;179;48;2;246;243;236m│[38;2;32;36;45m       [48;2;110;185;154m     [48;2;246;243;236m   [48;2;110;185;154m     [48;2;246;243;236m   [48;2;110;185;154m     [48;2;246;243;236m   [48;2;110;185;154m     [48;2;246;243;236m   [48;2;110;185;154m     [48;2;246;243;236m   [48;2;110;185;154m     [48;2;246;243;236m   [48;2;110;185;154m     [48;2;246;243;236m   [48;2;110;185;154m     [48;2;246;243;236m   [48;2;110;185;154m     [48;2;246;243;236m   [48;2;110;185;154m     [48;2;246;243;236m  [38;2;203;195;179m├[38;2;139;144;157m-6[38;2;32;36;45m  [38;2;203;195;179m││[38;2;32;36;45m [38;2;116;83;214m●[38;2;32;36;45m [38;2;74;82;100mcymbals[38;2;32;36;45m [38;2;226;220;207m┄┄┄[38;2;154;145;127m┼[38;2;226;220;207m┄┄┄[38;2;32;36;45m  [38;2;139;144;157m  0.0[38;2;203;195;179m│[0m
[38;2;203;195;179;48;2;246;243;236m│[38;2;139;144;157m-48[38;2;32;36;45m [38;2;203;195;179m┤[38;2;32;36;45m  [48;2;117;187;159m     [48;2;246;243;236m   [48;2;117;187;159m     [48;2;246;243;236m   [48;2;117;187;159m     [48;2;246;243;236m   [48;2;117;187;159m     [48;2;246;243;236m   [48;2;117;187;159m     [48;2;246;243;236m   [48;2;117;187;159m     [48;2;246;243;236m   [48;2;117;187;159m     [48;2;246;243;236m   [48;2;117;187;159m     [48;2;246;243;236m   [48;2;117;187;159m     [48;2;246;243;236m   [48;2;117;187;159m     [48;2;246;243;236m       [38;2;203;195;179m││[38;2;32;36;45m [38;2;192;70;157m●[38;2;32;36;45m [38;2;74;82;100mair[38;2;32;36;45m     [38;2;226;220;207m┄┄┄[38;2;154;145;127m┼[38;2;226;220;207m┄┄┄[38;2;32;36;45m  [38;2;139;144;157m  0.0[38;2;203;195;179m│[0m
[38;2;203;195;179;48;2;246;243;236m│[38;2;32;36;45m       [48;2;124;190;164m     [48;2;246;243;236m   [48;2;124;190;164m     [48;2;246;243;236m   [48;2;124;190;164m     [48;2;246;243;236m   [48;2;124;190;164m     [48;2;246;243;236m   [48;2;124;190;164m     [48;2;246;243;236m   [48;2;124;190;164m     [48;2;246;243;236m   [48;2;124;190;164m     [48;2;246;243;236m   [48;2;124;190;164m     [48;2;246;243;236m   [48;2;124;190;164m     [48;2;246;243;236m   [48;2;124;190;164m     [48;2;246;243;236m       [38;2;203;195;179m│╰─────────────────────────╯[0m
[38;2;203;195;179;48;2;246;243;236m│[38;2;32;36;45m       [48;2;131;192;169m     [48;2;246;243;236m   [48;2;131;192;169m     [48;2;246;243;236m   [48;2;131;192;169m     [48;2;246;243;236m   [48;2;131;192;169m     [48;2;246;243;236m   [48;2;131;192;169m     [48;2;246;243;236m   [48;2;131;192;169m     [48;2;246;243;236m   [48;2;131;192;169m     [48;2;246;243;236m   [48;2;131;192;169m     [48;2;246;243;236m   [48;2;131;192;169m     [48;2;246;243;236m   [48;2;131;192;169m     [48;2;246;243;236m       [38;2;203;195;179m│[38;2;32;36;45m                           [0m
[38;2;203;195;179;48;2;246;243;236m│[38;2;32;36;45m       [48;2;138;195;174m     [48;2;246;243;236m   [48;2;138;195;174m     [48;2;246;243;236m   [48;2;138;195;174m     [48;2;246;243;236m   [48;2;138;195;174m     [48;2;246;243;236m   [48;2;138;195;174m     [48;2;246;243;236m   [48;2;138;195;174m     [48;2;246;243;236m   [48;2;138;195;174m     [48;2;246;243;236m   [48;2;138;195;174m     [48;2;246;243;236m   [48;2;138;195;174m     [48;2;246;243;236m   [48;2;138;195;174m     [48;2;246;243;236m       [38;2;203;195;179m│[38;2;32;36;45m                           [0m
[38;2;203;195;179;48;2;246;243;236m│[38;2;32;36;45m       [48;2;145;197;179m     [48;2;246;243;236m   [48;2;145;197;179m     [48;2;246;243;236m   [48;2;145;197;179m     [48;2;246;243;236m   [48;2;145;197;179m     [48;2;246;243;236m   [48;2;145;197;179m     [48;2;246;243;236m   [48;2;145;197;179m     [48;2;246;243;236m   [48;2;145;197;179m     [48;2;246;243;236m   [48;2;145;197;179m     [48;2;246;243;236m   [48;2;145;197;179m     [48;2;246;243;236m   [48;2;145;197;179m     [48;2;246;243;236m       [38;2;203;195;179m│[38;2;32;36;45m                           [0m
[38;2;203;195;179;48;2;246;243;236m│[38;2;139;144;157m-60[38;2;32;36;45m [38;2;203;195;179m┤[38;2;32;36;45m  [48;2;152;200;184m     [48;2;246;243;236m   [48;2;152;200;184m     [48;2;246;243;236m   [48;2;152;200;184m     [48;2;246;243;236m   [48;2;152;200;184m     [48;2;246;243;236m   [48;2;152;200;184m     [48;2;246;243;236m   [48;2;152;200;184m     [48;2;246;243;236m   [48;2;152;200;184m     [48;2;246;243;236m   [48;2;152;200;184m     [48;2;246;243;236m   [48;2;152;200;184m     [48;2;246;243;236m   [48;2;152;200;184m     [48;2;246;243;236m  [38;2;203;195;179m├[38;2;139;144;157m-12[38;2;32;36;45m [38;2;203;195;179m│[38;2;32;36;45m                           [0m
[38;2;203;195;179;48;2;246;243;236m╰───────────────────────────────────────────────────────────────────────────────────────────╯[38;2;32;36;45m                           [0m
[38;2;32;36;45;48;2;246;243;236m         [38;2;202;146;23m-9[38;2;32;36;45m      [38;2;213;135;27m-8[38;2;32;36;45m      [38;2;175;154;28m-11[38;2;32;36;45m     [38;2;100;154;61m-15[38;2;32;36;45m     [38;2;46;155;88m-19[38;2;32;36;45m     [38;2;63;154;77m-17[38;2;32;36;45m     [38;2;52;158;95m-22[38;2;32;36;45m     [38;2;60;163;106m-26[38;2;32;36;45m     [38;2;65;166;114m-29[38;2;32;36;45m     [38;2;82;175;134m-37[38;2;32;36;45m                                    [0m
[38;2;32;36;45;48;2;246;243;236m        [38;2;74;82;100m32Hz[38;2;32;36;45m    [38;2;74;82;100m64Hz[38;2;32;36;45m    [38;2;74;82;100m125Hz[38;2;32;36;45m   [38;2;74;82;100m250Hz[38;2;32;36;45m   [38;2;74;82;100m500Hz[38;2;32;36;45m   [38;2;74;82;100m1kHz[38;2;32;36;45m    [38;2;74;82;100m2kHz[38;2;32;36;45m    [38;2;74;82;100m4kHz[38;2;32;36;45m    [38;2;74;82;100m8kHz[38;2;32;36;45m    [38;2;74;82;100m16kHz[38;2;32;36;45m                                   [0m
[38;2;32;36;45;48;2;246;243;236m       [38;2;29;148;87;48;2;185;216;194m +4.8 [38;2;32;36;45;48;2;246;243;236m  [38;2;29;148;87;48;2;185;216;194m +4.0 [38;2;32;36;45;48;2;246;243;236m  [38;2;29;148;87;48;2;185;216;194m +4.2 [38;2;32;36;45;48;2;246;243;236m  [38;2;29;148;87;48;2;185;216;194m +2.3 [38;2;32;36;45;48;2;246;243;236m   [38;2;139;144;157m 0.0 [38;2;32;36;45m  [38;2;189;47;121;48;2;230;188;204m -3.1 [38;2;32;36;45;48;2;246;243;236m   [38;2;139;144;157m 0.0 [38;2;32;36;45m   [38;2;139;144;157m 0.0 [38;2;32;36;45m  [38;2;29;148;87;48;2;185;216;194m +3.1 [38;2;32;36;45;48;2;246;243;236m  [38;2;29;148;87;48;2;185;216;194m +2.4 [38;2;32;36;45;48;2;246;243;236m                                   [0m
[38;2;32;36;45;48;2;246;243;236m                                                                                                                        [0m
[1;38;2;21;24;31;48;2;226;220;207m 1…0 [0;38;2;139;144;157;48;2;246;243;236m band  [1;38;2;21;24;31;48;2;226;220;207m ⇧ [0;38;2;139;144;157;48;2;246;243;236m down  [1;38;2;21;24;31;48;2;226;220;207m z [0;38;2;139;144;157;48;2;246;243;236m zones  [1;38;2;21;24;31;48;2;226;220;207m i [0;38;2;139;144;157;48;2;246;243;236m instruments  [1;38;2;21;24;31;48;2;226;220;207m [ ] [0;38;2;139;144;157;48;2;246;243;236m focus  [1;38;2;21;24;31;48;2;226;220;207m +− [0;38;2;139;144;157;48;2;246;243;236m preamp  [1;38;2;21;24;31;48;2;226;220;207m p [0;38;2;139;144;157;48;2;246;243;236m preset  [1;38;2;21;24;31;48;2;226;220;207m u [0;38;2;139;144;157;48;2;246;243;236m undo  [1;38;2;21;24;31;48;2;226;220;207m ? [0;38;2;139;144;157;48;2;246;243;236m keys  [1;38;2;21;24;31;48;2;226;220;207m q [0;38;2;139;144;157;48;2;246;243;236m quit  [38;2;32;36;45m  [0m
