[38;2;138;168;255;48;2;57;66;90m ◉ [1;38;2;238;241;246mBE-RCA [0;38;2;162;171;188;48;2;27;30;37m 44.1 kHz[38;2;74;83;104m │ [38;2;124;133;154mpreamp [38;2;242;127;188m-4.8[38;2;124;133;154m dB[38;2;74;83;104m │ [38;2;138;168;255m◆ [1;38;2;221;226;234mfavourite[38;2;242;193;78m*[0;38;2;74;83;104;48;2;27;30;37m │ [38;2;108;182;255m● [38;2;221;226;234mvoice [38;2;99;217;158m+3.0[38;2;74;83;104m │ [38;2;124;133;154mbass [38;2;99;217;158m+1[38;2;124;133;154m treble [38;2;242;127;188m-0.5[38;2;221;226;234m                  [38;2;124;133;154m peak [38;2;242;163;58m-6.0[38;2;124;133;154m dB [0m
[38;2;221;226;234m  [4;38;2;138;168;255mM[0;38;2;124;133;154meter [38;2;221;226;234m  [4;38;2;138;168;255mT[0;38;2;124;133;154mune [38;2;221;226;234m [1;38;2;16;19;26;48;2;138;168;255m Instruments [0;38;2;221;226;234m  [4;38;2;138;168;255mF[0;38;2;124;133;154milters [38;2;221;226;234m  [4;38;2;138;168;255mP[0;38;2;124;133;154mresets [38;2;221;226;234m  [4;38;2;138;168;255mD[0;38;2;124;133;154mevices [38;2;221;226;234m  [4;38;2;138;168;255mA[0;38;2;124;133;154mpps [38;2;221;226;234m  [4;38;2;138;168;255mS[0;38;2;124;133;154mystem [38;2;221;226;234m  [4;38;2;138;168;255mE[0;38;2;124;133;154mvents [38;2;221;226;234m  [4;38;2;138;168;255mH[0;38;2;124;133;154mistory [38;2;221;226;234m              [1;38;2;138;168;255mg[0;38;2;124;133;154m go  [1;38;2;138;168;255m;[0;38;2;124;133;154m cmd[0m
[38;2;221;226;234m [38;2;74;83;104m╭─[1;38;2;162;171;188m instruments [0;38;2;74;83;104m───────────────────────────────────────────────────────────────────────────[38;2;124;133;154m 8 instruments · 15 ranges [38;2;74;83;104m╮[0m
[38;2;221;226;234m [38;2;74;83;104m│[38;2;221;226;234m   [38;2;124;133;154minstrument[38;2;221;226;234m            [38;2;124;133;154m knob[38;2;221;226;234m    [38;2;124;133;154mrange[38;2;221;226;234m           [38;2;124;133;154mHz[38;2;221;226;234m            [38;2;124;133;154m32[38;2;221;226;234m       [38;2;124;133;154m250[38;2;221;226;234m     [38;2;124;133;154m2k[38;2;221;226;234m       [38;2;124;133;154m16k[38;2;221;226;234m    [38;2;124;133;154mbands[38;2;221;226;234m              [38;2;74;83;104m│[0m
[38;2;221;226;234m [38;2;74;83;104m│[38;2;221;226;234m [38;2;255;122;89m●[38;2;221;226;234m kick      [38;2;61;68;84m┄┄┄┄┄[38;2;114;130;166m┼[38;2;61;68;84m┄┄┄┄┄[38;2;221;226;234m [38;2;124;133;154m  0.0[38;2;221;226;234m  [38;2;255;122;89m◆[38;2;221;226;234m [1mthump[0;38;2;221;226;234m           [38;2;162;171;188m50–100[38;2;221;226;234m       [38;2;61;68;84m┈┈[38;2;74;83;104m┊[38;2;61;68;84m┈[38;2;255;122;89m━━━━[38;2;61;68;84m┈┈┈[38;2;74;83;104m┊[38;2;61;68;84m┈┈┈┈┈┈┈[38;2;74;83;104m┊[38;2;61;68;84m┈┈┈┈┈┈┈┈[38;2;74;83;104m┊[38;2;61;68;84m┈[38;2;221;226;234m    [38;2;124;133;154m64 125[38;2;221;226;234m             [38;2;74;83;104m│[0m
[38;2;221;226;234m [38;2;74;83;104m│[38;2;221;226;234m                                [38;2;255;122;89m [38;2;221;226;234m [38;2;162;171;188mbeater click[38;2;221;226;234m    [38;2;162;171;188m2k–5k[38;2;221;226;234m        [38;2;61;68;84m┈┈[38;2;74;83;104m┊[38;2;61;68;84m┈┈┈┈┈┈┈┈[38;2;74;83;104m┊[38;2;61;68;84m┈┈┈┈┈┈┈[38;2;156;84;68m━━━━━[38;2;61;68;84m┈┈┈┈[38;2;74;83;104m┊[38;2;61;68;84m┈[38;2;221;226;234m    [38;2;124;133;154m2k 4k[38;2;221;226;234m              [38;2;74;83;104m│[0m
[38;2;221;226;234m [38;2;74;83;104m│[38;2;221;226;234m [38;2;255;174;87m●[38;2;221;226;234m bass      [38;2;61;68;84m┄┄┄┄┄[38;2;114;130;166m┼[38;2;61;68;84m┄┄┄┄┄[38;2;221;226;234m [38;2;124;133;154m  0.0[38;2;221;226;234m  [38;2;255;174;87m [38;2;221;226;234m [38;2;162;171;188mfundamental[38;2;221;226;234m     [38;2;162;171;188m40–250[38;2;221;226;234m       [38;2;61;68;84m┈┈[38;2;74;83;104m┊[38;2;156;113;67m━━━━━━━━━[38;2;61;68;84m┈┈┈┈┈┈┈[38;2;74;83;104m┊[38;2;61;68;84m┈┈┈┈┈┈┈┈[38;2;74;83;104m┊[38;2;61;68;84m┈[38;2;221;226;234m    [38;2;124;133;154m32 64 125 250[38;2;221;226;234m      [38;2;74;83;104m│[0m
[38;2;221;226;234m [38;2;74;83;104m│[38;2;221;226;234m                                [38;2;255;174;87m◆[38;2;221;226;234m [1mgrowl/attack[0;38;2;221;226;234m    [38;2;162;171;188m700–1.2k[38;2;221;226;234m     [38;2;61;68;84m┈┈[38;2;74;83;104m┊[38;2;61;68;84m┈┈┈┈┈┈┈┈[38;2;74;83;104m┊[38;2;61;68;84m┈┈┈[38;2;255;174;87m━━━[38;2;61;68;84m┈[38;2;74;83;104m┊[38;2;61;68;84m┈┈┈┈┈┈┈┈[38;2;74;83;104m┊[38;2;61;68;84m┈[38;2;221;226;234m    [38;2;124;133;154m500 1k[38;2;221;226;234m             [38;2;74;83;104m│[0m
[38;2;221;226;234m [38;2;74;83;104m│[38;2;221;226;234m [38;2;255;217;102m●[38;2;221;226;234m snare     [38;2;61;68;84m┄┄┄┄┄[38;2;114;130;166m┼[38;2;61;68;84m┄┄┄┄┄[38;2;221;226;234m [38;2;124;133;154m  0.0[38;2;221;226;234m  [38;2;255;217;102m [38;2;221;226;234m [38;2;162;171;188mbody[38;2;221;226;234m            [38;2;162;171;188m150–250[38;2;221;226;234m      [38;2;61;68;84m┈┈[38;2;74;83;104m┊[38;2;61;68;84m┈┈┈┈┈[38;2;156;136;75m━━━━[38;2;61;68;84m┈┈┈┈┈┈┈[38;2;74;83;104m┊[38;2;61;68;84m┈┈┈┈┈┈┈┈[38;2;74;83;104m┊[38;2;61;68;84m┈[38;2;221;226;234m    [38;2;124;133;154m125 250[38;2;221;226;234m            [38;2;74;83;104m│[0m
[38;2;221;226;234m [38;2;74;83;104m│[38;2;221;226;234m                                [38;2;255;217;102m◆[38;2;221;226;234m [1mcrack[0;38;2;221;226;234m           [38;2;162;171;188m4k–6k[38;2;221;226;234m        [38;2;61;68;84m┈┈[38;2;74;83;104m┊[38;2;61;68;84m┈┈┈┈┈┈┈┈[38;2;74;83;104m┊[38;2;61;68;84m┈┈┈┈┈┈┈[38;2;74;83;104m┊[38;2;61;68;84m┈┈[38;2;255;217;102m━━━[38;2;61;68;84m┈┈┈[38;2;74;83;104m┊[38;2;61;68;84m┈[38;2;221;226;234m    [38;2;124;133;154m4k 8k[38;2;221;226;234m              [38;2;74;83;104m│[0m
[38;2;221;226;234m [38;2;74;83;104m│[38;2;221;226;234m [38;2;181;227;107m●[38;2;221;226;234m guitar    [38;2;61;68;84m┄┄┄┄┄[38;2;114;130;166m┼[38;2;61;68;84m┄┄┄┄┄[38;2;221;226;234m [38;2;124;133;154m  0.0[38;2;221;226;234m  [38;2;181;227;107m [38;2;221;226;234m [38;2;162;171;188mbody[38;2;221;226;234m            [38;2;162;171;188m80–1.2k[38;2;221;226;234m      [38;2;61;68;84m┈┈[38;2;74;83;104m┊[38;2;61;68;84m┈┈┈[38;2;116;142;78m━━━━━━━━━━━━[38;2;61;68;84m┈[38;2;74;83;104m┊[38;2;61;68;84m┈┈┈┈┈┈┈┈[38;2;74;83;104m┊[38;2;61;68;84m┈[38;2;221;226;234m    [38;2;124;133;154m64 … 1k  (5)[38;2;221;226;234m       [38;2;74;83;104m│[0m
[38;2;221;226;234m [38;2;74;83;104m│[38;2;221;226;234m                                [38;2;181;227;107m◆[38;2;221;226;234m [1mbite[0;38;2;221;226;234m            [38;2;162;171;188m2k–5k[38;2;221;226;234m        [38;2;61;68;84m┈┈[38;2;74;83;104m┊[38;2;61;68;84m┈┈┈┈┈┈┈┈[38;2;74;83;104m┊[38;2;61;68;84m┈┈┈┈┈┈┈[38;2;181;227;107m━━━━━[38;2;61;68;84m┈┈┈┈[38;2;74;83;104m┊[38;2;61;68;84m┈[38;2;221;226;234m    [38;2;124;133;154m2k 4k[38;2;221;226;234m              [38;2;74;83;104m│[0m
[38;2;221;226;234m [38;2;74;83;104m│[38;2;221;226;234m [38;2;79;214;196m●[38;2;221;226;234m piano     [38;2;61;68;84m┄┄┄┄┄[38;2;114;130;166m┼[38;2;61;68;84m┄┄┄┄┄[38;2;221;226;234m [38;2;124;133;154m  0.0[38;2;221;226;234m  [38;2;79;214;196m [38;2;221;226;234m [38;2;162;171;188mfundamental[38;2;221;226;234m     [38;2;162;171;188m27–4.2k[38;2;221;226;234m      [38;2;61;68;84m┈[38;2;60;135;127m━━━━━━━━━━━━━━━━━━━━━━[38;2;61;68;84m┈┈┈┈┈[38;2;74;83;104m┊[38;2;61;68;84m┈[38;2;221;226;234m    [38;2;124;133;154m32 … 4k  (8)[38;2;221;226;234m       [38;2;74;83;104m│[0m
[38;2;221;226;234m [38;2;74;83;104m│[38;2;221;226;234m                                [38;2;79;214;196m◆[38;2;221;226;234m [1mbrightness[0;38;2;221;226;234m      [38;2;162;171;188m4k–8k[38;2;221;226;234m        [38;2;61;68;84m┈┈[38;2;74;83;104m┊[38;2;61;68;84m┈┈┈┈┈┈┈┈[38;2;74;83;104m┊[38;2;61;68;84m┈┈┈┈┈┈┈[38;2;74;83;104m┊[38;2;61;68;84m┈┈[38;2;79;214;196m━━━━[38;2;61;68;84m┈┈[38;2;74;83;104m┊[38;2;61;68;84m┈[38;2;221;226;234m    [38;2;124;133;154m4k 8k[38;2;221;226;234m              [38;2;74;83;104m│[0m
[38;2;221;226;234m [38;2;74;83;104m│[38;2;221;226;234;48;2;47;61;99m [38;2;108;182;255m●[38;2;221;226;234m [1;38;2;238;241;246mvoice[0;38;2;221;226;234;48;2;47;61;99m     [38;2;61;68;84m┄┄┄┄┄[38;2;114;130;166m┼[38;2;99;217;158m●[38;2;61;68;84m┄┄┄┄[38;2;221;226;234m [38;2;99;217;158m +3.0[38;2;221;226;234m  [38;2;108;182;255m [38;2;221;226;234m [38;2;162;171;188mfundamental[38;2;221;226;234m     [38;2;162;171;188m85–255[38;2;221;226;234m       [38;2;61;68;84m┈┈[38;2;74;83;104m┊[38;2;61;68;84m┈┈┈[38;2;108;182;255m━━━━━━[38;2;61;68;84m┈┈┈┈┈┈┈[38;2;74;83;104m┊[38;2;61;68;84m┈┈┈┈┈┈┈┈[38;2;74;83;104m┊[38;2;61;68;84m┈[38;2;221;226;234m    [38;2;162;171;188m64 125 250[38;2;221;226;234m         [0;38;2;74;83;104m│[0m
[38;2;221;226;234m [38;2;74;83;104m│[38;2;221;226;234;48;2;47;61;99m                                [38;2;108;182;255m [38;2;221;226;234m [38;2;162;171;188mF1[38;2;221;226;234m              [38;2;162;171;188m300–1k[38;2;221;226;234m       [38;2;61;68;84m┈┈[38;2;74;83;104m┊[38;2;61;68;84m┈┈┈┈┈┈┈┈[38;2;108;182;255m━━━━━━[38;2;61;68;84m┈┈[38;2;74;83;104m┊[38;2;61;68;84m┈┈┈┈┈┈┈┈[38;2;74;83;104m┊[38;2;61;68;84m┈[38;2;221;226;234m    [38;2;162;171;188m250 500 1k[38;2;221;226;234m         [0;38;2;74;83;104m│[0m
[38;2;221;226;234m [38;2;74;83;104m│[38;2;221;226;234;48;2;47;61;99m                                [38;2;108;182;255m [38;2;221;226;234m [38;2;162;171;188mF2[38;2;221;226;234m              [38;2;162;171;188m900–2.8k[38;2;221;226;234m     [38;2;61;68;84m┈┈[38;2;74;83;104m┊[38;2;61;68;84m┈┈┈┈┈┈┈┈[38;2;74;83;104m┊[38;2;61;68;84m┈┈┈┈[38;2;108;182;255m━━━━━━[38;2;61;68;84m┈┈┈┈┈┈[38;2;74;83;104m┊[38;2;61;68;84m┈[38;2;221;226;234m    [38;2;162;171;188m1k 2k[38;2;221;226;234m              [0;38;2;74;83;104m│[0m
[38;2;221;226;234m [38;2;74;83;104m│[38;2;221;226;234;48;2;47;61;99m                                [38;2;108;182;255m◆[38;2;221;226;234m [1mpresence[0;38;2;221;226;234;48;2;47;61;99m        [38;2;162;171;188m2k–5k[38;2;221;226;234m        [38;2;61;68;84m┈┈[38;2;74;83;104m┊[38;2;61;68;84m┈┈┈┈┈┈┈┈[38;2;74;83;104m┊[38;2;61;68;84m┈┈┈┈┈┈┈[38;2;108;182;255m━━━━━[38;2;61;68;84m┈┈┈┈[38;2;74;83;104m┊[38;2;61;68;84m┈[38;2;221;226;234m    [38;2;162;171;188m2k 4k[38;2;221;226;234m              [0;38;2;74;83;104m│[0m
[38;2;221;226;234m [38;2;74;83;104m│[38;2;221;226;234;48;2;47;61;99m                                [38;2;108;182;255m [38;2;221;226;234m [38;2;162;171;188msibilance[38;2;221;226;234m       [38;2;162;171;188m5k–9k[38;2;221;226;234m        [38;2;61;68;84m┈┈[38;2;74;83;104m┊[38;2;61;68;84m┈┈┈┈┈┈┈┈[38;2;74;83;104m┊[38;2;61;68;84m┈┈┈┈┈┈┈[38;2;74;83;104m┊[38;2;61;68;84m┈┈┈[38;2;108;182;255m━━━━[38;2;61;68;84m┈[38;2;74;83;104m┊[38;2;61;68;84m┈[38;2;221;226;234m    [38;2;162;171;188m4k 8k[38;2;221;226;234m              [0;38;2;74;83;104m│[0m
[38;2;221;226;234m [38;2;74;83;104m│[38;2;221;226;234m [38;2;185;156;255m●[38;2;221;226;234m cymbals   [38;2;61;68;84m┄┄┄┄┄[38;2;114;130;166m┼[38;2;61;68;84m┄┄┄┄┄[38;2;221;226;234m [38;2;124;133;154m  0.0[38;2;221;226;234m  [38;2;185;156;255m◆[38;2;221;226;234m [1mshimmer[0;38;2;221;226;234m         [38;2;162;171;188m6k–16k[38;2;221;226;234m       [38;2;61;68;84m┈┈[38;2;74;83;104m┊[38;2;61;68;84m┈┈┈┈┈┈┈┈[38;2;74;83;104m┊[38;2;61;68;84m┈┈┈┈┈┈┈[38;2;74;83;104m┊[38;2;61;68;84m┈┈┈┈[38;2;185;156;255m━━━━━[38;2;61;68;84m┈[38;2;221;226;234m    [38;2;124;133;154m8k 16k[38;2;221;226;234m             [38;2;74;83;104m│[0m
[38;2;221;226;234m [38;2;74;83;104m│[38;2;221;226;234m [38;2;245;144;214m●[38;2;221;226;234m air       [38;2;61;68;84m┄┄┄┄┄[38;2;114;130;166m┼[38;2;61;68;84m┄┄┄┄┄[38;2;221;226;234m [38;2;124;133;154m  0.0[38;2;221;226;234m  [38;2;245;144;214m◆[38;2;221;226;234m [1msparkle[0;38;2;221;226;234m         [38;2;162;171;188m10k–20k[38;2;221;226;234m      [38;2;61;68;84m┈┈[38;2;74;83;104m┊[38;2;61;68;84m┈┈┈┈┈┈┈┈[38;2;74;83;104m┊[38;2;61;68;84m┈┈┈┈┈┈┈[38;2;74;83;104m┊[38;2;61;68;84m┈┈┈┈┈┈[38;2;245;144;214m━━━━[38;2;221;226;234m    [38;2;124;133;154m8k 16k[38;2;221;226;234m             [38;2;74;83;104m│[0m
[38;2;221;226;234m [38;2;74;83;104m│[38;2;221;226;234m                                                                                                                    [38;2;74;83;104m│[0m
[38;2;221;226;234m [38;2;74;83;104m╰────────────────────────────────────────────────────────────────────────────────────────────────────────────────────╯[0m







[38;2;221;226;234m [38;2;74;83;104m╭─[1;38;2;162;171;188m now [0;38;2;74;83;104m──────────────────────────────────────────────────────────────────────────────────────────────────────────────╮[0m
[38;2;221;226;234m [38;2;74;83;104m│[38;2;221;226;234m    [38;2;223;191;73m▆▆▆▆▆[38;2;221;226;234m      [38;2;233;177;66m▇▇▇▇▇[38;2;221;226;234m      [38;2;199;200;83m▆▆▆▆▆[38;2;221;226;234m      [38;2;129;200;101m▆▆▆▆▆[38;2;221;226;234m      [38;2;74;197;115m▅▅▅▅▅[38;2;221;226;234m      [38;2;94;200;110m▅▅▅▅▅[38;2;221;226;234m      [38;2;66;187;113m▅▅▅▅▅[38;2;221;226;234m      [38;2;56;175;111m▄▄▄▄▄[38;2;221;226;234m      [38;2;48;165;110m▄▄▄▄▄[38;2;221;226;234m      [38;2;31;141;106m▃▃▃▃▃[38;2;221;226;234m        [38;2;74;83;104m│[0m
[38;2;221;226;234m [38;2;74;83;104m│[38;2;221;226;234m    [38;2;124;133;154m32Hz[38;2;221;226;234m       [38;2;124;133;154m64Hz[38;2;221;226;234m       [38;2;124;133;154m125Hz[38;2;221;226;234m      [38;2;124;133;154m250Hz[38;2;221;226;234m      [38;2;124;133;154m500Hz[38;2;221;226;234m      [38;2;124;133;154m1kHz[38;2;221;226;234m       [38;2;124;133;154m2kHz[38;2;221;226;234m       [38;2;124;133;154m4kHz[38;2;221;226;234m       [38;2;124;133;154m8kHz[38;2;221;226;234m       [38;2;124;133;154m16kHz[38;2;221;226;234m        [38;2;74;83;104m│[0m
[38;2;221;226;234m [38;2;74;83;104m╰────────────────────────────────────────────────────────────────────────────────────────────────────────────────────╯[0m

[1;38;2;238;241;246;48;2;52;60;77m ↑↓ [0;38;2;124;133;154m move  [1;38;2;238;241;246;48;2;52;60;77m Enter [0;38;2;124;133;154m focus in meter  [1;38;2;238;241;246;48;2;52;60;77m ← → [0;38;2;124;133;154m knob  [1;38;2;238;241;246;48;2;52;60;77m l [0;38;2;124;133;154m listen  [1;38;2;238;241;246;48;2;52;60;77m / [0;38;2;124;133;154m filter  [1;38;2;238;241;246;48;2;52;60;77m y [0;38;2;124;133;154m look  [1;38;2;238;241;246;48;2;52;60;77m ? [0;38;2;124;133;154m keys  [1;38;2;238;241;246;48;2;52;60;77m q [0;38;2;124;133;154m quit[0m
