[38;2;138;168;255;48;2;57;66;90m ◉ [1;38;2;238;241;246mBE-RCA [0;38;2;162;171;188;48;2;27;30;37m 44.1 kHz[38;2;74;83;104m │ [38;2;124;133;154mpreamp [38;2;242;127;188m-4.8[38;2;124;133;154m dB[38;2;74;83;104m │ [38;2;138;168;255m◆ [1;38;2;221;226;234mfavourite[38;2;242;193;78m*[0;38;2;221;226;234;48;2;27;30;37m               [38;2;124;133;154m peak [38;2;242;163;58m-6.0[38;2;124;133;154m dB [0m
[38;2;221;226;234m [1;38;2;16;19;26;48;2;138;168;255m Meter [0;38;2;221;226;234m [4;38;2;138;168;255mT[0;38;2;124;133;154mune[38;2;221;226;234m [4;38;2;138;168;255mI[0;38;2;124;133;154mnstruments[38;2;221;226;234m [4;38;2;138;168;255mF[0;38;2;124;133;154milters[38;2;221;226;234m [4;38;2;138;168;255mP[0;38;2;124;133;154mresets[38;2;221;226;234m [4;38;2;138;168;255mD[0;38;2;124;133;154mevices[38;2;221;226;234m [4;38;2;138;168;255mA[0;38;2;124;133;154mpps[38;2;221;226;234m [4;38;2;138;168;255mS[0;38;2;124;133;154mystem[38;2;221;226;234m [4;38;2;138;168;255mE[0;38;2;124;133;154mvents[38;2;221;226;234m [4;38;2;138;168;255mH[0;38;2;124;133;154mistory[0m
[38;2;221;226;234m   [38;2;74;83;104m╭─[1;38;2;162;171;188m meter [0;38;2;74;83;104m───────────────────────────────────────────────[38;2;124;133;154m dBFS · gain dB [38;2;74;83;104m╮[0m
[38;2;221;226;234m   [38;2;74;83;104m│[38;2;124;133;154m  0[38;2;221;226;234m [38;2;74;83;104m┤[38;2;221;226;234m        [38;2;249;147;136m▔▔▔[38;2;221;226;234m                                                  [38;2;74;83;104m├[38;2;124;133;154m+12[38;2;221;226;234m [38;2;74;83;104m│[0m
[38;2;221;226;234m   [38;2;74;83;104m│[38;2;124;133;154m -6[38;2;221;226;234m [38;2;74;83;104m┤[38;2;221;226;234m  [38;2;247;195;127m▔▔▔[38;2;221;226;234m   [38;2;242;163;58m▂▂▂[38;2;221;226;234m   [38;2;247;195;127m▔▔▔[38;2;221;226;234m                                                 [38;2;74;83;104m│[0m
[38;2;221;226;234m   [38;2;74;83;104m│[38;2;124;133;154m-12[38;2;221;226;234m [38;2;74;83;104m┤[38;2;221;226;234m  [38;2;217;200;78m▇▇▇[38;2;221;226;234m   [48;2;217;200;78m   [0;38;2;221;226;234m   [38;2;217;200;78m▃▃▃[38;2;221;226;234m   [38;2;230;219;140m▔▔▔[38;2;221;226;234m                                           [38;2;74;83;104m│[0m
[38;2;221;226;234m   [38;2;74;83;104m│[38;2;221;226;234m       [48;2;146;200;96m [38;2;243;233;207m⣀[38;2;221;226;234m [0;38;2;221;226;234m   [38;2;243;233;207;48;2;146;200;96m⢀⣀[38;2;221;226;234m [0;38;2;221;226;234m   [48;2;146;200;96m   [0;38;2;221;226;234m   [38;2;146;200;96m▃▃▃[38;2;221;226;234m   [38;2;184;219;152m▔▔▔[38;2;221;226;234m   [38;2;184;219;152m▔▔▔[38;2;221;226;234m                               [38;2;74;83;104m│[0m
[38;2;221;226;234m   [38;2;74;83;104m│[38;2;221;226;234m      [38;2;243;233;207m⣠[48;2;76;200;115m⠞⠉⠙[0;38;2;243;233;207m⠲⠴⠚[48;2;76;200;115m⠉⠈⠙[0;38;2;243;233;207m⠲⠴⠚[48;2;76;200;115m⠉⠙⢦[0;38;2;243;233;207m⡀[38;2;221;226;234m  [48;2;76;200;115m   [0;38;2;221;226;234m   [38;2;76;200;115m▃▃▃[38;2;221;226;234m   [38;2;76;200;115m▇▇▇[38;2;221;226;234m   [38;2;139;219;164m▔▔▔[38;2;221;226;234m                    [38;2;74;83;104m├[38;2;124;133;154m+6[38;2;221;226;234m  [38;2;74;83;104m│[0m
[38;2;221;226;234m   [38;2;74;83;104m│[38;2;124;133;154m-24[38;2;221;226;234m [38;2;74;83;104m┤[38;2;221;226;234m [48;2;46;67;61m [48;2;66;187;113m   [48;2;46;67;61m   [48;2;66;187;113m   [48;2;46;67;61m   [48;2;66;187;113m   [0;38;2;243;233;207m⠉⠓⠒[48;2;66;187;113m⠲⢤⣀[0;38;2;221;226;234m   [48;2;66;187;113m   [0;38;2;221;226;234m   [48;2;66;187;113m   [0;38;2;221;226;234m   [38;2;66;187;113m▅▅▅[38;2;221;226;234m   [38;2;132;211;163m▔▔▔[38;2;221;226;234m  [38;2;243;233;207m⢀⡤⠤⣄[38;2;221;226;234m   [38;2;243;233;207m⢀⡀[38;2;221;226;234m        [38;2;74;83;104m│[0m
[38;2;221;226;234m   [38;2;74;83;104m│[38;2;221;226;234m      [48;2;46;67;61m [48;2;56;175;111m   [48;2;46;67;61m   [48;2;56;175;111m   [48;2;46;67;61m   [48;2;56;175;111m   [48;2;46;67;61m   [48;2;56;175;111m  [38;2;243;233;207m⠈[0;38;2;243;233;207m⠳⣄⡀[38;2;221;226;234;48;2;56;175;111m   [0;38;2;221;226;234m   [48;2;56;175;111m   [0;38;2;221;226;234m   [48;2;56;175;111m   [0;38;2;221;226;234m   [38;2;56;175;111m▅▅▅[38;2;243;233;207m⣀⡴[48;2;46;67;61m⠋[38;2;126;203;161m▔▔[38;2;243;233;207m⠈[0;38;2;243;233;207m⠳⠤⠤⠎⠱⡀[38;2;221;226;234m       [38;2;74;83;104m│[0m
[38;2;221;226;234m   [38;2;74;83;104m│[38;2;221;226;234m      [38;2;61;68;84;48;2;46;67;61m┈[38;2;221;226;234;48;2;46;162;110m   [38;2;61;68;84;48;2;46;67;61m┈┈┈[38;2;221;226;234;48;2;46;162;110m   [38;2;61;68;84;48;2;46;67;61m┈┈┈[38;2;221;226;234;48;2;46;162;110m   [38;2;61;68;84;48;2;46;67;61m┈┈┈[38;2;221;226;234;48;2;46;162;110m   [38;2;61;68;84;48;2;46;67;61m┈┈[0;38;2;243;233;207m⠉[48;2;46;162;110m⠓⠦⣄[48;2;69;52;66m⡀[38;2;61;68;84m┈┈[38;2;221;226;234;48;2;46;162;110m   [38;2;61;68;84;48;2;69;52;66m┈┈[0;38;2;243;233;207m⢀[48;2;46;162;110m⣀⡤⠤[0;38;2;243;233;207m⠤⠖⠒[48;2;46;162;110m⠒⠋⠉[48;2;46;67;61m⠁[38;2;61;68;84m┈┈[38;2;46;162;110m▇▇▇[38;2;61;68;84m┈┈┈[38;2;119;195;161m▔▔[0;38;2;243;233;207m⠙⠒⠒[38;2;74;83;104m├[38;2;243;233;207m 0[38;2;221;226;234m  [38;2;74;83;104m│[0m
[38;2;221;226;234m   [38;2;74;83;104m│[38;2;124;133;154m-36[38;2;221;226;234m [38;2;74;83;104m┤[38;2;221;226;234m  [48;2;36;149;108m   [0;38;2;221;226;234m   [48;2;36;149;108m   [0;38;2;221;226;234m   [48;2;36;149;108m   [0;38;2;221;226;234m   [48;2;36;149;108m   [0;38;2;221;226;234m   [48;2;36;149;108m   [0;38;2;243;233;207m⠉⠳⣄[38;2;221;226;234;48;2;36;149;108m  [38;2;243;233;207m⢀[0;38;2;243;233;207m⡴⠚⠉[38;2;221;226;234;48;2;36;149;108m   [0;38;2;221;226;234m   [48;2;36;149;108m   [0;38;2;221;226;234m   [48;2;36;149;108m   [0;38;2;221;226;234m             [38;2;74;83;104m│[0m
[38;2;221;226;234m   [38;2;74;83;104m│[38;2;221;226;234m       [48;2;31;139;105m   [0;38;2;221;226;234m   [48;2;31;139;105m   [0;38;2;221;226;234m   [48;2;31;139;105m   [0;38;2;221;226;234m   [48;2;31;139;105m   [0;38;2;221;226;234m   [48;2;31;139;105m   [0;38;2;221;226;234m  [38;2;243;233;207m⠈[48;2;31;139;105m⠙⠚⠉[0;38;2;221;226;234m   [48;2;31;139;105m   [0;38;2;221;226;234m   [48;2;31;139;105m   [0;38;2;221;226;234m   [48;2;31;139;105m   [0;38;2;221;226;234m   [38;2;31;139;105m▇▇▇[38;2;221;226;234m       [38;2;74;83;104m│[0m
[38;2;221;226;234m   [38;2;74;83;104m│[38;2;221;226;234m       [48;2;30;131;102m   [0;38;2;221;226;234m   [48;2;30;131;102m   [0;38;2;221;226;234m   [48;2;30;131;102m   [0;38;2;221;226;234m   [48;2;30;131;102m   [0;38;2;221;226;234m   [48;2;30;131;102m   [0;38;2;221;226;234m   [48;2;30;131;102m   [0;38;2;221;226;234m   [48;2;30;131;102m   [0;38;2;221;226;234m   [48;2;30;131;102m   [0;38;2;221;226;234m   [48;2;30;131;102m   [0;38;2;221;226;234m   [48;2;30;131;102m   [0;38;2;221;226;234m  [38;2;74;83;104m├[38;2;124;133;154m-6[38;2;221;226;234m  [38;2;74;83;104m│[0m
[38;2;221;226;234m   [38;2;74;83;104m│[38;2;124;133;154m-48[38;2;221;226;234m [38;2;74;83;104m┤[38;2;221;226;234m  [48;2;29;123;99m   [0;38;2;221;226;234m   [48;2;29;123;99m   [0;38;2;221;226;234m   [48;2;29;123;99m   [0;38;2;221;226;234m   [48;2;29;123;99m   [0;38;2;221;226;234m   [48;2;29;123;99m   [0;38;2;221;226;234m   [48;2;29;123;99m   [0;38;2;221;226;234m   [48;2;29;123;99m   [0;38;2;221;226;234m   [48;2;29;123;99m   [0;38;2;221;226;234m   [48;2;29;123;99m   [0;38;2;221;226;234m   [48;2;29;123;99m   [0;38;2;221;226;234m       [38;2;74;83;104m│[0m
[38;2;221;226;234m   [38;2;74;83;104m│[38;2;221;226;234m       [48;2;29;114;95m   [0;38;2;221;226;234m   [48;2;29;114;95m   [0;38;2;221;226;234m   [48;2;29;114;95m   [0;38;2;221;226;234m   [48;2;29;114;95m   [0;38;2;221;226;234m   [48;2;29;114;95m   [0;38;2;221;226;234m   [48;2;29;114;95m   [0;38;2;221;226;234m   [48;2;29;114;95m   [0;38;2;221;226;234m   [48;2;29;114;95m   [0;38;2;221;226;234m   [48;2;29;114;95m   [0;38;2;221;226;234m   [48;2;29;114;95m   [0;38;2;221;226;234m       [38;2;74;83;104m│[0m
[38;2;221;226;234m   [38;2;74;83;104m│[38;2;221;226;234m       [48;2;28;106;92m   [0;38;2;221;226;234m   [48;2;28;106;92m   [0;38;2;221;226;234m   [48;2;28;106;92m   [0;38;2;221;226;234m   [48;2;28;106;92m   [0;38;2;221;226;234m   [48;2;28;106;92m   [0;38;2;221;226;234m   [48;2;28;106;92m   [0;38;2;221;226;234m   [48;2;28;106;92m   [0;38;2;221;226;234m   [48;2;28;106;92m   [0;38;2;221;226;234m   [48;2;28;106;92m   [0;38;2;221;226;234m   [48;2;28;106;92m   [0;38;2;221;226;234m       [38;2;74;83;104m│[0m
[38;2;221;226;234m   [38;2;74;83;104m│[38;2;124;133;154m-60[38;2;221;226;234m [38;2;74;83;104m┤[38;2;221;226;234m  [48;2;27;98;89m   [0;38;2;221;226;234m   [48;2;27;98;89m   [0;38;2;221;226;234m   [48;2;27;98;89m   [0;38;2;221;226;234m   [48;2;27;98;89m   [0;38;2;221;226;234m   [48;2;27;98;89m   [0;38;2;221;226;234m   [48;2;27;98;89m   [0;38;2;221;226;234m   [48;2;27;98;89m   [0;38;2;221;226;234m   [48;2;27;98;89m   [0;38;2;221;226;234m   [48;2;27;98;89m   [0;38;2;221;226;234m   [48;2;27;98;89m   [0;38;2;221;226;234m  [38;2;74;83;104m├[38;2;124;133;154m-12[38;2;221;226;234m [38;2;74;83;104m│[0m
[38;2;221;226;234m   [38;2;74;83;104m╰───────────────────────────────────────────────────────────────────────╯[0m
[38;2;221;226;234m           [38;2;223;191;73m-9[38;2;221;226;234m    [38;2;233;177;66m-8[38;2;221;226;234m    [38;2;199;200;83m-11[38;2;221;226;234m   [38;2;129;200;101m-15[38;2;221;226;234m   [38;2;74;197;115m-19[38;2;221;226;234m   [38;2;94;200;110m-17[38;2;221;226;234m   [38;2;66;187;113m-22[38;2;221;226;234m   [38;2;56;175;111m-26[38;2;221;226;234m   [38;2;48;165;110m-29[38;2;221;226;234m   [38;2;31;141;106m-37[0m
[38;2;221;226;234m          [38;2;162;171;188m32Hz[38;2;221;226;234m  [38;2;162;171;188m64Hz[38;2;221;226;234m  [38;2;162;171;188m125Hz[38;2;221;226;234m [38;2;162;171;188m250Hz[38;2;221;226;234m [38;2;162;171;188m500Hz[38;2;221;226;234m [38;2;162;171;188m1kHz[38;2;221;226;234m  [38;2;162;171;188m2kHz[38;2;221;226;234m  [38;2;162;171;188m4kHz[38;2;221;226;234m  [38;2;162;171;188m8kHz[38;2;221;226;234m  [38;2;162;171;188m16kHz[0m
[38;2;221;226;234m         [38;2;99;217;158;48;2;54;88;75m +4.8  +4.0  +4.2  +2.3 [0;38;2;221;226;234m [38;2;124;133;154m 0.0 [38;2;242;127;188;48;2;94;63;84m -3.1 [0;38;2;221;226;234m [38;2;124;133;154m 0.0 [38;2;221;226;234m [38;2;124;133;154m 0.0 [38;2;99;217;158;48;2;54;88;75m +3.1  +2.4 [0m

[1;38;2;238;241;246;48;2;52;60;77m 1…0 [0;38;2;124;133;154m band  [1;38;2;238;241;246;48;2;52;60;77m ⇧ [0;38;2;124;133;154m down  [1;38;2;238;241;246;48;2;52;60;77m z [0;38;2;124;133;154m zones  [1;38;2;238;241;246;48;2;52;60;77m i [0;38;2;124;133;154m instruments  [1;38;2;238;241;246;48;2;52;60;77m ? [0;38;2;124;133;154m keys  [1;38;2;238;241;246;48;2;52;60;77m q [0;38;2;124;133;154m quit[0m
