[38;2;69;80;111;48;2;43;47;58m ◉ [38;2;101;103;108mBE-RCA [38;2;76;81;89;48;2;33;35;41m 44.1 kHz[38;2;48;52;63m │ [38;2;64;68;79mpreamp [38;2;102;66;89m-4.8[38;2;64;68;79m dB[38;2;48;52;63m │ [38;2;69;80;111m◆ [38;2;95;98;104mfavourite[38;2;102;88;54m*[38;2;48;52;63m │ [38;2;59;84;111m● [38;2;95;98;104mvoice [38;2;56;95;80m+3.0[38;2;48;52;63m │ [38;2;64;68;79mbass [38;2;56;95;80m+1[38;2;64;68;79m treble [38;2;102;66;89m-0.5[38;2;221;226;234m                  [38;2;64;68;79m peak [38;2;102;78;48m-6.0[38;2;64;68;79m dB [0m
[38;2;221;226;234m [38;2;30;32;38;48;2;69;80;111m Meter [0;38;2;221;226;234m  [4;38;2;69;80;111mT[0;38;2;64;68;79mune [38;2;221;226;234m  [4;38;2;69;80;111mI[0;38;2;64;68;79mnstruments [38;2;221;226;234m  [4;38;2;69;80;111mF[0;38;2;64;68;79milters [38;2;221;226;234m  [4;38;2;69;80;111mP[0;38;2;64;68;79mresets [38;2;221;226;234m  [4;38;2;69;80;111mD[0;38;2;64;68;79mevices [38;2;221;226;234m  [4;38;2;69;80;111mA[0;38;2;64;68;79mpps [38;2;221;226;234m  [4;38;2;69;80;111mS[0;38;2;64;68;79mystem [38;2;221;226;234m  [4;38;2;69;80;111mE[0;38;2;64;68;79mvents [38;2;221;226;234m  [4;38;2;69;80;111mH[0;38;2;64;68;79mistory [38;2;221;226;234m              [38;2;69;80;111mg[38;2;64;68;79m go  [38;2;69;80;111m;[38;2;64;68;79m cmd[0m
[38;2;48;52;63m╭─[38;2;76;81;89m meter [38;2;48;52;63m───────────────────────────────────────────────────────────────────[38;2;64;68;79m dBFS · gain dB [38;2;48;52;63m╮╭─[38;2;76;81;89m output [38;2;48;52;63m────────────────╮[0m
[38;2;48;52;63m│[38;2;64;68;79m  0[38;2;114;130;166;48;2;29;32;38m╭─[1;38;2;238;241;246m keys [0;38;2;114;130;166;48;2;29;32;38m─────────────────────────────────────────────────────────────────────────────────────────────[38;2;124;133;154m / filter [38;2;114;130;166m╮[0;38;2;95;98;104m6.0[38;2;48;52;63m│[0m
[38;2;48;52;63m│[38;2;221;226;234m   [38;2;114;130;166;48;2;29;32;38m│[38;2;221;226;234m                                                                                                              [38;2;114;130;166m│[0;38;2;221;226;234m   [38;2;48;52;63m│[0m
[38;2;48;52;63m│[38;2;64;68;79m -6[38;2;114;130;166;48;2;29;32;38m│[38;2;221;226;234m  [1;38;2;138;168;255mTune[0;38;2;221;226;234;48;2;29;32;38m [38;2;74;83;104m───────────────────────────────────────────────[38;2;221;226;234m   [1;38;2;138;168;255mLook[0;38;2;221;226;234;48;2;29;32;38m [38;2;74;83;104m───────────────────────────────────────────────[38;2;221;226;234m [38;2;114;130;166m│[0;38;2;48;52;63m───╯[0m
[38;2;48;52;63m│[38;2;221;226;234m   [38;2;114;130;166;48;2;29;32;38m│[38;2;221;226;234m  [1;38;2;238;241;246;48;2;52;60;77m 1 … 9 0 [0;38;2;221;226;234;48;2;29;32;38m     [38;2;162;171;188mraise band 32 Hz … 16 kHz by 0.5 dB[38;2;221;226;234m      [1;38;2;238;241;246;48;2;52;60;77m y [0;38;2;221;226;234;48;2;29;32;38m           [38;2;162;171;188mnext look: studio → console → classic[38;2;221;226;234m  [38;2;114;130;166m│[0;38;2;48;52;63m───╮[0m
[38;2;48;52;63m│[38;2;221;226;234m   [38;2;114;130;166;48;2;29;32;38m│[38;2;221;226;234m  [1;38;2;238;241;246;48;2;52;60;77m ⇧1 … ⇧0 [0;38;2;221;226;234;48;2;29;32;38m     [38;2;162;171;188mlower it by 0.5 dB[38;2;221;226;234m                       [1;38;2;238;241;246;48;2;52;60;77m Y [0;38;2;221;226;234;48;2;29;32;38m           [38;2;162;171;188mnext palette of this look[38;2;221;226;234m              [38;2;114;130;166m│[0;38;2;221;226;234m   [38;2;48;52;63m│[0m
[38;2;48;52;63m│[38;2;64;68;79m-12[38;2;114;130;166;48;2;29;32;38m│[38;2;221;226;234m  [1;38;2;238;241;246;48;2;52;60;77m + - [0;38;2;221;226;234;48;2;29;32;38m         [38;2;162;171;188mpreamp ±0.5 dB[38;2;221;226;234m                                         [38;2;124;133;154msaved as tui.look and tui.palette[38;2;221;226;234m      [38;2;114;130;166m│[0;38;2;102;88;54m2.1[38;2;48;52;63m│[0m
[38;2;48;52;63m│[38;2;221;226;234m   [38;2;114;130;166;48;2;29;32;38m│[38;2;221;226;234m  [1;38;2;238;241;246;48;2;52;60;77m b B t T [0;38;2;221;226;234;48;2;29;32;38m     [38;2;162;171;188mbass / treble shelf ±0.5 dB[38;2;221;226;234m                                                                   [38;2;114;130;166m│[0;38;2;95;98;104m0.3[38;2;48;52;63m│[0m
[38;2;48;52;63m│[38;2;221;226;234m   [38;2;114;130;166;48;2;29;32;38m│[38;2;221;226;234m  [1;38;2;238;241;246;48;2;52;60;77m p ↓ ↑ [0;38;2;221;226;234;48;2;29;32;38m       [38;2;162;171;188mnext / previous preset[38;2;221;226;234m                   [1;38;2;138;168;255mScreen[0;38;2;221;226;234;48;2;29;32;38m [38;2;74;83;104m─────────────────────────────────────────────[38;2;221;226;234m [38;2;114;130;166m│[0;38;2;48;52;63m───╯[0m
[38;2;48;52;63m│[38;2;221;226;234m   [38;2;114;130;166;48;2;29;32;38m│[38;2;221;226;234m  [1;38;2;238;241;246;48;2;52;60;77m c [0;38;2;221;226;234;48;2;29;32;38m           [38;2;162;171;188mcompressor off → gentle → night[38;2;221;226;234m          [1;38;2;238;241;246;48;2;52;60;77m g + letter [0;38;2;221;226;234;48;2;29;32;38m  [38;2;162;171;188mgo to a view[38;2;221;226;234m                           [38;2;114;130;166m│[0;38;2;48;52;63m───╮[0m
[38;2;48;52;63m│[38;2;221;226;234m   [38;2;114;130;166;48;2;29;32;38m│[38;2;221;226;234m  [1;38;2;238;241;246;48;2;52;60;77m v V [0;38;2;221;226;234;48;2;29;32;38m         [38;2;162;171;188mcolour off → tape → tube / amount[38;2;221;226;234m        [1;38;2;238;241;246;48;2;52;60;77m ; Ctrl-P [0;38;2;221;226;234;48;2;29;32;38m    [38;2;162;171;188mcommand palette[38;2;221;226;234m                        [38;2;114;130;166m│[0;38;2;56;95;80m1.0[38;2;48;52;63m│[0m
[38;2;48;52;63m│[38;2;64;68;79m-24[38;2;114;130;166;48;2;29;32;38m│[38;2;221;226;234m  [1;38;2;238;241;246;48;2;52;60;77m u [0;38;2;221;226;234;48;2;29;32;38m           [38;2;162;171;188mundo this session's last change[38;2;221;226;234m          [1;38;2;238;241;246;48;2;52;60;77m m [0;38;2;221;226;234;48;2;29;32;38m           [38;2;162;171;188mmouse on / off[38;2;221;226;234m                         [38;2;114;130;166m│[0;38;2;102;66;89m0.5[38;2;48;52;63m│[0m
[38;2;48;52;63m│[38;2;221;226;234m   [38;2;114;130;166;48;2;29;32;38m│[38;2;221;226;234m  [1;38;2;238;241;246;48;2;52;60;77m s [0;38;2;221;226;234;48;2;29;32;38m           [38;2;162;171;188msave the curve as a preset[38;2;221;226;234m               [1;38;2;238;241;246;48;2;52;60;77m ? h [0;38;2;221;226;234;48;2;29;32;38m         [38;2;162;171;188mthis list; ?, Esc or q closes it[38;2;221;226;234m       [38;2;114;130;166m│[0;38;2;64;68;79m0.0[38;2;48;52;63m│[0m
[38;2;48;52;63m│[38;2;221;226;234m   [38;2;114;130;166;48;2;29;32;38m│[38;2;221;226;234m                                                         [1;38;2;238;241;246;48;2;52;60;77m q Ctrl-C [0;38;2;221;226;234;48;2;29;32;38m    [38;2;162;171;188mquit[38;2;221;226;234m                                   [38;2;114;130;166m│[0;38;2;48;52;63m───╯[0m
[38;2;48;52;63m│[38;2;221;226;234m   [38;2;114;130;166;48;2;29;32;38m│[38;2;221;226;234m  [1;38;2;138;168;255mInstruments[0;38;2;221;226;234;48;2;29;32;38m [38;2;74;83;104m────────────────────────────────────────[38;2;221;226;234m                                                        [38;2;114;130;166m│[0;38;2;48;52;63m───╮[0m
[38;2;48;52;63m│[38;2;221;226;234m   [38;2;114;130;166;48;2;29;32;38m│[38;2;221;226;234m  [1;38;2;238;241;246;48;2;52;60;77m z [0;38;2;221;226;234;48;2;29;32;38m           [38;2;162;171;188mthe instrument strip, on and off[38;2;221;226;234m                                                              [38;2;114;130;166m│[0;38;2;64;68;79m0.0[38;2;48;52;63m│[0m
[38;2;48;52;63m│[38;2;221;226;234m   [38;2;114;130;166;48;2;29;32;38m│[38;2;221;226;234m  [1;38;2;238;241;246;48;2;52;60;77m i [0;38;2;221;226;234;48;2;29;32;38m           [38;2;162;171;188mthe instrument table[38;2;221;226;234m                                                                          [38;2;114;130;166m│[0;38;2;64;68;79m0.0[38;2;48;52;63m│[0m
[38;2;48;52;63m│[38;2;64;68;79m-36[38;2;114;130;166;48;2;29;32;38m│[38;2;221;226;234m  [1;38;2;238;241;246;48;2;52;60;77m ] Tab [ [0;38;2;221;226;234;48;2;29;32;38m     [38;2;162;171;188mfocus next / previous instrument[38;2;221;226;234m                                                              [38;2;114;130;166m│[0;38;2;64;68;79m0.0[38;2;48;52;63m│[0m
[38;2;48;52;63m│[38;2;221;226;234m   [38;2;114;130;166;48;2;29;32;38m│[38;2;221;226;234m  [1;38;2;238;241;246;48;2;52;60;77m → ← [0;38;2;221;226;234;48;2;29;32;38m         [38;2;162;171;188mthe focused knob ±0.5 dB[38;2;221;226;234m                                                                      [38;2;114;130;166m│[0;38;2;64;68;79m0.0[38;2;48;52;63m│[0m
[38;2;48;52;63m│[38;2;221;226;234m   [38;2;114;130;166;48;2;29;32;38m│[38;2;221;226;234m  [1;38;2;238;241;246;48;2;52;60;77m l [0;38;2;221;226;234;48;2;29;32;38m           [38;2;162;171;188mlisten to the focused instrument alone[38;2;221;226;234m                                                        [38;2;114;130;166m│[0;38;2;64;68;79m0.0[38;2;48;52;63m│[0m
[38;2;48;52;63m│[38;2;221;226;234m   [38;2;114;130;166;48;2;29;32;38m│[38;2;221;226;234m  [1;38;2;238;241;246;48;2;52;60;77m Esc [0;38;2;221;226;234;48;2;29;32;38m         [38;2;162;171;188mleave the focus[38;2;221;226;234m                                                                               [38;2;114;130;166m│[0;38;2;56;95;80m3.0[38;2;48;52;63m│[0m
[38;2;48;52;63m│[38;2;221;226;234m   [38;2;114;130;166;48;2;29;32;38m│[38;2;221;226;234m                                                                                                              [38;2;114;130;166m│[0;38;2;64;68;79m0.0[38;2;48;52;63m│[0m
[38;2;48;52;63m│[38;2;64;68;79m-48[38;2;114;130;166;48;2;29;32;38m│[38;2;221;226;234m                                                                                                              [38;2;114;130;166m│[0;38;2;64;68;79m0.0[38;2;48;52;63m│[0m
[38;2;48;52;63m│[38;2;221;226;234m   [38;2;114;130;166;48;2;29;32;38m│[38;2;221;226;234m                                                                                                              [38;2;114;130;166m│[0;38;2;48;52;63m───╯[0m
[38;2;48;52;63m│[38;2;221;226;234m   [38;2;114;130;166;48;2;29;32;38m│[38;2;221;226;234m                                                                                                              [38;2;114;130;166m│[0m
[38;2;48;52;63m│[38;2;221;226;234m   [38;2;114;130;166;48;2;29;32;38m│[38;2;221;226;234m                                                                                                              [38;2;114;130;166m│[0m
[38;2;48;52;63m│[38;2;221;226;234m   [38;2;114;130;166;48;2;29;32;38m│[38;2;221;226;234m                                                                                                              [38;2;114;130;166m│[0m
[38;2;48;52;63m│[38;2;64;68;79m-60[38;2;114;130;166;48;2;29;32;38m│[38;2;221;226;234m                                                                                                              [38;2;114;130;166m│[0m
[38;2;48;52;63m╰───[38;2;114;130;166;48;2;29;32;38m│[38;2;221;226;234m                                                                                                              [38;2;114;130;166m│[0m
[38;2;221;226;234m    [38;2;114;130;166;48;2;29;32;38m│[38;2;221;226;234m                                                                                                              [38;2;114;130;166m│[0m
[38;2;221;226;234m    [38;2;114;130;166;48;2;29;32;38m╰──────────────────────────────────────────────────────────────────────────────────────────────────────────────╯[0m
[38;2;221;226;234m       [38;2;56;95;80;48;2;42;54;53m +4.8 [0;38;2;221;226;234m  [38;2;56;95;80;48;2;42;54;53m +4.0 [0;38;2;221;226;234m  [38;2;56;95;80;48;2;42;54;53m +4.2 [0;38;2;221;226;234m  [38;2;56;95;80;48;2;42;54;53m +2.3 [0;38;2;221;226;234m   [38;2;64;68;79m 0.0 [38;2;221;226;234m  [38;2;102;66;89;48;2;55;46;56m -3.1 [0;38;2;221;226;234m   [38;2;64;68;79m 0.0 [38;2;221;226;234m   [38;2;64;68;79m 0.0 [38;2;221;226;234m  [38;2;56;95;80;48;2;42;54;53m +3.1 [0;38;2;221;226;234m  [38;2;56;95;80;48;2;42;54;53m +2.4 [0m

[1;38;2;238;241;246;48;2;52;60;77m ↑↓ [0;38;2;124;133;154m scroll  [1;38;2;238;241;246;48;2;52;60;77m / [0;38;2;124;133;154m filter  [1;38;2;238;241;246;48;2;52;60;77m Esc [0;38;2;124;133;154m close  [1;38;2;238;241;246;48;2;52;60;77m ? [0;38;2;124;133;154m keys  [1;38;2;238;241;246;48;2;52;60;77m q [0;38;2;124;133;154m quit[0m
